256
0 195 25 220 226 52 50 64 180 55 123 138 146 229 222 229 83 133 83 142 76 15 224 54 239 244 19 70 18 72 68 118 148 183 59 112 17 244 188 178 59 49 5 50 105 249 90 246 220 94 23 229 67 72 135 32 85 31 41 215 250 151 184 85 248 42 172 16 152 127 43 141 0 188 83 120 2 99 253 26 123 213 188 149 86 218 4 153 90 177 157 128 32 17 34 74 153 89 143 175 199 146 64 77 65 192 254 132 178 19 192 250 56 127 207 188 30 138 226 11 94 107 18 55 133 133 152 9 122 147 85 188 221 222 97 49 219 182 98 223 136 75 208 143 99 72 182 103 33 242 5 20 227 55 125 15 156 4 187 235 79 11 172 221 115 204 86 103 88 217 190 207 149 212 45 143 88 92 164 13 236 223 94 70 117 247 151 102 20 64 149 240 235 232 25 84 224 152 136 107 67 191 160 118 209 150 112 45 39 125 121 250 91 69 84 77 13 253 227 28 113 143 216 100 198 18 194 137 16 58 58 37 69 200 22 64 16 51 38 188 165 111 19 33 159 61 107 30 128 159 182 83 2 43 255 155 
195 0 51 73 223 69 72 161 67 57 128 250 56 21 144 5 72 160 94 208 132 211 107 157 173 145 110 107 209 54 163 26 194 61 181 245 97 12 109 192 192 24 181 179 116 216 156 20 89 33 239 3 195 232 232 153 78 255 55 132 15 79 221 77 110 186 249 57 60 39 54 232 69 71 171 196 49 172 187 123 149 147 67 142 55 198 202 249 5 83 121 149 147 221 211 108 154 73 246 200 228 214 213 249 15 89 91 104 54 131 3 190 198 86 54 134 194 218 47 99 180 22 142 237 13 186 137 213 180 6 180 253 120 41 151 223 171 43 103 160 101 121 245 142 48 49 29 111 172 246 160 43 181 244 145 59 134 73 0 77 239 174 54 174 21 3 248 226 163 213 76 107 61 114 114 134 30 134 177 38 253 24 211 67 125 57 104 102 64 232 163 220 16 104 7 70 219 198 170 71 157 210 227 100 175 134 72 83 142 221 228 72 206 25 157 173 231 199 85 10 24 114 143 100 146 54 242 159 27 41 24 194 133 230 161 64 188 179 204 203 111 75 20 158 246 200 158 13 202 8 135 25 3 72 39 98 
25 51 0 170 109 87 24 53 179 209 56 38 56 27 171 95 91 20 122 11 46 42 4 182 240 23 190 69 84 52 20 9 91 138 96 170 218 173 114 161 102 118 84 204 40 86 3 74 8 60 31 2 201 25 85 194 188 134 2 74 83 184 113 90 206 80 155 64 237 161 237 167 14 150 108 87 93 84 127 233 249 70 152 106 46 67 218 67 18 99 190 231 219 54 149 233 148 37 86 14 140 100 33 64 182 251 53 88 139 106 44 53 255 12 192 135 14 70 176 63 76 166 70 200 190 66 248 22 157 186 101 35 247 147 31 171 208 250 203 160 118 220 77 215 21 200 190 160 213 169 193 241 227 114 195 124 27 15 234 225 10 130 98 211 71 76 78 39 125 37 138 209 167 59 162 16 78 179 69 118 170 243 168 141 122 124 155 245 163 156 115 51 236 204 21 102 3 227 139 97 127 1 52 111 99 11 11 249 137 52 72 211 195 166 42 244 218 169 121 190 86 111 216 172 9 177 142 41 86 192 10 7 90 46 237 228 82 43 12 133 103 44 151 183 143 151 161 204 80 94 91 122 59 82 66 126 
220 73 170 0 47 84 113 88 86 227 121 19 25 123 134 14 101 130 176 218 20 204 244 163 64 59 243 146 253 2 57 23 146 143 2 221 137 248 239 106 231 130 223 57 58 125 150 190 115 119 87 106 82 138 26 131 42 71 130 14 131 60 181 66 254 60 252 113 130 109 247 53 182 94 195 4 74 15 236 190 15 166 217 108 79 167 46 175 119 70 160 187 166 97 100 149 35 2 173 95 177 81 13 114 209 43 16 40 163 79 198 204 23 95 142 14 197 200 40 144 192 132 7 150 80 152 35 8 72 236 82 88 76 164 94 30 80 170 57 117 216 137 103 23 125 103 189 255 226 41 167 90 241 235 205 226 127 52 253 22 104 194 185 55 165 51 125 54 163 228 35 254 72 160 112 183 197 128 226 201 123 222 190 110 15 62 92 80 158 194 39 39 65 91 39 176 47 89 87 80 234 5 73 238 86 99 151 162 197 54 91 109 3 179 39 205 82 58 233 25 197 76 133 178 215 129 230 132 139 145 207 148 242 97 167 134 214 90 37 160 18 115 248 213 209 20 113 51 32 30 240 136 96 81 70 161 
226 223 109 47 0 250 215 243 202 38 98 147 147 73 35 228 203 19 143 200 185 175 78 229 142 41 152 155 68 86 21 43 103 198 247 17 107 58 58 76 192 211 29 163 111 227 20 58 93 9 189 60 162 116 176 124 85 151 150 158 95 111 11 142 229 49 228 63 114 217 55 95 171 247 240 0 245 227 16 166 3 72 134 57 164 168 44 113 234 6 82 108 139 11 92 198 96 164 94 169 26 56 251 28 67 191 208 22 255 245 164 207 87 249 13 63 136 91 170 233 176 46 69 221 254 63 244 176 162 55 20 135 28 55 73 37 46 214 178 79 191 199 65 57 48 143 146 168 245 245 79 231 166 192 240 16 199 80 77 95 5 82 32 224 155 24 250 160 3 46 166 95 103 19 167 51 40 168 122 147 209 127 47 159 26 223 205 182 15 58 212 23 8 69 187 6 113 74 125 44 100 77 54 182 167 204 234 1 219 140 86 28 36 39 60 45 187 103 207 218 124 146 50 202 213 216 43 174 59 197 224 117 150 163 169 177 141 219 154 213 78 217 80 100 234 120 7 41 107 113 249 142 44 74 253 161 
52 69 87 84 250 0 39 54 100 13 164 68 218 232 55 104 143 239 69 252 154 251 3 224 157 238 113 209 185 153 100 175 137 15 209 194 70 246 45 207 217 140 104 18 92 12 115 138 46 96 45 47 20 206 60 26 91 204 171 146 214 208 45 4 63 221 106 186 154 96 205 147 13 144 151 186 40 247 76 25 55 127 206 66 17 234 231 90 101 23 253 126 75 157 208 234 44 56 21 153 217 44 221 37 76 202 151 63 237 104 113 198 92 65 47 251 63 35 192 23 157 66 20 223 55 105 238 38 159 160 131 143 125 239 194 110 34 164 98 71 99 0 31 227 50 52 3 81 83 184 16 104 41 182 40 222 252 179 17 59 168 179 134 15 189 129 2 27 6 49 123 189 246 29 141 116 238 78 59 71 147 76 175 41 44 65 77 144 28 100 211 47 170 10 58 36 32 10 64 134 180 57 41 114 106 211 107 193 114 236 106 216 5 30 154 196 106 219 48 67 82 144 81 20 136 131 82 26 232 139 35 134 199 211 105 50 14 140 232 247 53 134 144 131 198 255 205 40 105 51 224 131 115 21 104 217 
50 72 24 113 215 39 0 224 120 252 8 239 98 174 168 249 15 33 210 237 194 199 79 121 145 191 233 0 142 186 102 129 149 11 80 149 145 66 234 227 106 226 170 95 91 131 81 168 47 12 188 137 98 7 62 94 18 25 13 11 49 247 122 101 155 58 27 252 72 176 20 59 160 205 26 209 181 149 75 4 247 228 111 154 70 137 49 63 98 176 164 44 83 143 183 162 54 137 238 72 100 205 49 140 50 92 227 90 178 193 56 119 134 77 121 78 88 87 77 243 164 193 5 131 93 138 100 142 128 98 86 111 16 119 34 6 7 102 228 237 35 222 114 195 72 249 108 147 215 229 189 82 110 203 42 147 250 32 252 46 229 172 130 240 255 7 143 139 69 104 155 175 117 174 206 80 117 134 72 226 49 238 6 159 29 9 85 248 13 17 153 152 24 254 29 218 206 228 238 241 177 159 56 175 196 73 207 54 158 164 228 21 15 83 227 59 94 186 194 188 250 178 10 59 95 74 95 11 199 93 90 205 127 54 23 119 103 104 187 119 209 233 204 185 245 140 46 50 107 221 253 212 158 40 12 172 
64 161 53 88 243 54 224 0 173 139 217 62 135 76 167 98 20 18 11 21 131 38 32 240 205 243 22 110 6 42 82 31 113 178 73 65 152 71 52 94 10 231 123 85 2 13 77 23 60 195 6 245 28 175 60 122 194 51 182 197 113 219 188 226 175 171 163 85 70 170 253 210 209 218 76 112 110 62 146 11 74 2 149 49 43 80 209 205 37 11 196 41 241 134 230 169 194 45 222 163 14 108 127 187 58 210 100 69 132 207 129 58 176 95 189 189 47 133 227 133 26 150 66 70 250 239 90 210 159 182 90 9 92 25 79 154 189 210 157 58 178 217 40 186 131 125 169 245 198 100 219 241 228 182 215 125 255 104 75 34 199 220 206 105 241 66 13 75 188 135 118 204 157 204 164 135 117 114 181 29 190 2 151 1 243 228 2 214 98 14 48 208 36 170 178 129 222 70 18 9 6 103 182 181 145 92 109 109 184 196 82 53 48 59 227 0 245 46 72 253 121 22 232 224 24 222 190 109 215 196 208 106 163 68 72 87 73 204 117 127 95 128 68 195 23 111 215 110 134 3 220 190 63 168 238 94 
180 67 179 86 202 100 120 173 0 65 119 2 74 52 60 86 198 125 222 206 238 160 245 135 168 158 241 180 242 235 164 161 158 231 45 63 138 30 190 8 226 108 53 27 126 63 87 125 162 78 240 107 8 155 169 119 205 142 113 159 165 183 158 55 127 72 149 84 127 99 159 17 242 53 96 249 39 60 104 62 129 99 67 71 193 92 215 150 6 212 217 32 225 57 93 118 36 42 56 122 123 197 86 62 180 223 124 197 46 182 140 182 183 181 48 84 63 110 1 238 112 193 17 14 39 123 136 33 117 68 229 14 166 157 198 112 119 216 83 97 130 139 3 74 163 203 44 187 251 250 133 205 12 92 52 118 47 113 75 84 159 136 46 242 20 54 190 18 148 114 219 250 240 58 45 127 239 243 200 151 78 84 37 19 56 230 220 112 132 23 30 215 184 176 25 142 217 186 162 254 24 69 126 54 41 244 187 238 53 74 180 84 185 115 105 204 61 71 2 195 140 147 246 221 14 223 19 189 50 77 31 231 213 206 59 130 105 232 135 238 163 17 57 89 130 193 73 145 112 239 255 242 114 207 107 176 
55 57 209 227 38 13 252 139 65 0 184 208 153 67 38 189 108 215 57 181 37 235 67 84 156 93 14 221 184 94 5 210 162 53 108 170 45 22 115 33 64 192 213 28 34 50 56 87 147 37 131 73 192 29 15 217 239 24 2 13 157 3 91 122 252 56 217 226 158 17 15 105 230 157 1 10 194 201 148 97 81 134 196 168 183 247 134 143 58 155 61 24 85 29 183 196 23 134 82 210 116 162 171 53 93 93 128 117 18 81 68 174 251 157 66 33 119 49 249 82 144 70 38 41 194 58 18 72 208 250 217 45 89 206 3 103 16 228 157 66 206 107 240 216 244 144 164 64 32 165 178 222 24 208 182 140 165 226 149 101 198 50 96 179 139 26 21 214 16 161 188 227 174 98 152 154 44 54 120 8 84 175 250 33 115 96 87 112 141 14 81 222 85 33 238 55 18 49 231 123 75 36 169 116 5 234 222 200 49 56 143 233 101 29 67 81 85 210 58 115 188 91 176 79 88 247 207 155 131 75 178 144 34 44 145 220 151 223 77 109 73 211 171 221 95 71 248 72 199 162 155 132 144 115 55 14 
123 128 56 121 98 164 8 217 119 184 0 64 199 99 51 242 3 243 62 246 148 55 142 42 126 40 135 27 139 4 58 113 177 110 152 147 253 133 153 229 46 5 231 240 121 249 37 111 248 229 70 27 173 221 78 91 146 65 227 101 123 36 181 47 210 129 230 105 136 127 169 239 242 152 54 230 141 68 49 175 203 219 40 192 130 98 141 39 31 77 158 62 165 146 22 50 106 81 6 32 61 185 137 32 198 91 236 60 24 231 110 72 248 1 79 60 130 18 216 188 0 71 193 103 197 216 26 155 251 166 86 178 2 36 10 119 160 119 234 231 151 143 116 15 8 0 193 74 21 175 211 250 5 79 132 36 60 90 13 233 210 116 217 94 96 7 245 222 108 101 70 203 8 41 128 19 148 12 199 184 154 45 71 63 6 149 175 41 119 132 141 181 47 15 154 123 227 135 74 252 79 204 233 31 195 168 253 176 175 209 30 249 78 165 196 226 110 197 157 17 104 207 2 194 4 120 195 114 168 159 96 2 155 30 20 151 172 228 11 71 30 201 38 45 152 247 77 250 196 119 92 219 123 22 74 247 
138 250 38 19 147 68 239 62 2 208 64 0 202 85 3 106 144 18 72 252 5 126 69 221 30 12 103 12 234 118 146 17 69 170 159 208 163 40 119 6 169 193 12 167 244 15 170 36 154 212 11 25 144 105 249 218 44 43 84 114 209 254 25 94 43 122 125 161 188 54 216 162 253 75 73 193 124 148 17 122 240 97 47 117 176 164 214 77 160 70 238 188 13 179 168 18 173 30 153 14 59 98 77 5 50 151 149 88 0 58 181 19 15 143 27 218 38 241 172 35 78 141 106 29 238 248 149 43 183 193 132 210 58 81 51 122 214 153 130 8 1 75 160 194 161 82 188 5 24 5 228 47 35 33 205 2 217 19 85 76 145 181 55 50 158 159 190 142 112 218 192 189 183 184 140 20 128 245 7 226 225 72 195 159 141 236 148 242 20 90 47 205 48 210 165 165 246 231 94 90 56 76 108 78 1 107 73 131 96 76 201 73 22 215 25 198 155 24 199 139 245 79 115 189 87 19 232 71 206 93 208 101 209 244 11 126 233 195 227 227 159 84 65 181 74 72 199 176 116 142 6 33 226 28 177 75 
146 56 56 25 147 218 98 135 74 153 199 202 0 60 229 116 118 250 101 69 144 145 235 193 214 70 177 12 110 194 207 24 122 7 188 174 7 142 18 254 116 173 243 116 37 254 168 225 62 100 182 47 141 206 50 47 216 243 2 64 8 30 79 31 246 127 173 123 190 51 113 213 6 205 215 244 55 148 232 202 245 196 121 48 103 183 221 132 26 35 65 51 43 30 59 96 69 127 5 215 16 205 74 3 145 233 71 89 100 159 203 52 153 221 247 167 144 52 14 67 177 73 200 252 1 196 70 7 232 10 250 114 70 122 223 35 15 66 77 239 164 163 50 9 111 172 64 98 6 79 76 58 129 33 118 124 42 192 222 145 240 63 47 118 210 107 140 42 241 112 118 233 18 46 19 43 87 21 104 232 251 170 170 34 236 69 130 144 174 190 8 216 40 240 151 215 45 142 65 153 223 255 44 22 100 102 130 142 98 135 180 243 145 117 69 119 84 235 255 124 162 88 61 100 178 107 162 4 10 249 162 27 165 94 244 39 86 123 246 232 36 20 96 125 34 121 152 5 3 47 118 24 245 45 181 150 
229 21 27 123 73 232 174 76 52 67 99 85 60 0 174 12 45 125 80 167 47 21 180 175 23 233 123 140 59 112 68 141 91 244 141 162 33 153 239 125 53 70 229 171 163 32 82 250 178 196 106 249 10 166 195 229 40 7 1 110 161 52 198 11 146 17 32 151 222 111 215 145 182 25 175 247 241 81 8 161 72 49 86 130 202 155 13 200 241 205 222 218 220 119 148 124 57 202 126 217 32 204 63 142 178 82 223 132 231 171 4 107 219 44 17 153 234 210 171 70 79 102 233 140 22 165 199 158 158 235 27 238 52 72 201 185 88 136 210 214 77 84 216 42 54 65 194 58 73 139 142 166 96 36 104 197 190 89 38 252 253 203 199 14 87 77 109 59 38 163 231 228 124 206 135 189 69 152 58 171 64 50 144 16 168 64 127 183 133 241 103 98 222 169 192 227 142 66 12 143 237 14 216 172 239 138 144 115 40 80 65 103 206 17 40 234 147 162 22 88 17 51 175 69 113 31 211 202 200 236 222 246 114 46 197 111 186 195 128 160 127 55 44 221 88 120 56 153 217 36 169 41 232 137 198 169 
222 144 171 134 35 55 168 167 60 38 51 3 229 174 0 119 67 10 33 219 124 63 154 59 149 104 15 131 45 113 239 139 101 65 109 124 214 122 15 79 224 128 82 16 68 148 0 40 221 107 25 207 207 93 177 252 126 251 33 104 252 25 234 128 56 108 51 126 67 7 189 149 238 221 187 222 120 81 127 167 71 62 156 8 97 59 80 47 5 66 28 96 173 199 68 175 51 188 27 198 246 123 81 48 55 144 130 132 229 248 110 112 105 98 174 189 114 153 73 74 157 78 59 139 49 225 76 230 57 48 188 243 53 62 218 133 186 121 97 200 117 115 242 86 88 49 225 71 209 48 163 27 81 100 132 250 219 102 40 161 173 79 126 6 47 91 190 54 214 125 114 124 198 7 205 126 20 111 77 194 235 215 53 212 56 146 118 109 168 226 67 119 244 13 139 30 71 133 11 110 26 93 235 34 70 124 151 228 234 198 150 141 122 246 202 39 186 119 227 134 83 105 112 78 211 132 1 77 84 170 157 135 19 5 58 72 103 131 248 224 247 81 116 13 109 231 111 32 6 176 113 236 191 6 81 219 
229 5 95 14 228 104 249 98 86 189 242 106 116 12 119 0 49 236 244 0 83 175 164 156 146 194 8 30 85 213 76 55 68 176 74 90 129 162 78 12 88 120 71 235 41 47 104 221 189 108 186 121 1 191 0 123 7 229 171 181 210 148 81 42 20 48 66 46 8 89 165 23 112 242 96 2 184 175 111 163 240 54 252 231 241 191 241 130 70 86 129 130 139 104 61 14 188 117 118 185 99 94 89 8 220 159 8 235 207 148 98 85 239 106 14 135 139 90 169 221 98 146 171 136 150 212 223 231 180 62 159 188 173 244 159 158 115 136 2 148 193 150 194 130 216 77 25 99 129 45 47 169 247 149 190 194 107 81 40 140 52 172 204 134 21 122 64 26 156 138 213 143 67 118 145 117 227 71 129 37 50 140 32 123 129 51 211 57 1 156 185 200 4 153 166 56 111 106 241 106 204 87 200 120 65 232 139 206 233 52 37 120 128 106 200 210 51 95 132 88 108 201 226 9 219 129 185 238 106 197 78 118 211 165 2 207 118 107 22 219 214 127 210 136 150 217 19 229 198 218 82 238 154 143 163 16 
83 72 91 101 203 143 15 20 198 108 3 144 118 45 67 49 0 243 109 75 46 6 77 227 26 89 255 81 198 95 166 99 64 102 137 152 16 29 169 213 95 211 213 245 102 147 83 27 36 42 118 51 53 176 35 213 60 43 212 31 131 249 194 90 92 219 219 82 126 103 162 240 121 42 253 16 183 218 108 249 75 84 80 69 153 147 68 160 141 193 35 14 94 208 61 169 244 3 175 3 175 6 224 209 252 170 114 211 137 79 43 97 13 34 97 188 185 153 93 116 111 133 93 191 138 229 191 160 168 40 57 124 191 88 198 196 168 24 49 7 10 43 24 207 52 54 234 53 137 158 129 161 123 94 244 61 185 220 103 56 167 89 70 195 105 127 17 160 130 127 98 252 253 143 243 104 24 202 180 174 50 85 59 168 49 250 17 147 54 6 25 218 40 159 162 206 133 80 137 83 127 130 32 233 124 28 236 86 234 135 212 16 3 91 120 89 75 91 253 16 239 175 72 93 51 139 213 253 17 176 204 192 34 66 29 46 241 34 157 137 139 239 246 194 58 252 216 150 51 37 179 175 248 73 185 188 
133 160 20 130 19 239 33 18 125 215 243 18 250 125 10 236 243 0 29 165 156 226 91 224 186 120 110 53 196 0 190 223 65 129 95 242 183 198 37 45 209 35 39 37 37 38 3 222 201 8 86 62 193 212 176 61 247 206 204 133 61 4 37 76 159 137 173 32 139 217 14 45 55 25 114 167 164 36 74 93 176 16 253 39 182 197 49 240 21 193 76 114 226 74 216 1 64 235 3 251 176 40 138 102 158 108 90 5 255 52 114 50 57 67 171 193 125 229 51 16 208 63 211 46 159 58 200 163 88 159 24 238 177 1 144 240 24 12 42 242 203 202 222 169 128 76 23 241 97 143 179 180 238 71 165 194 192 223 163 104 238 246 186 94 240 22 238 77 210 32 227 18 82 248 251 180 38 230 235 124 249 251 101 116 54 91 217 110 178 42 141 42 195 181 66 104 195 195 141 214 13 215 18 73 189 81 3 109 140 102 111 54 250 60 214 223 15 209 56 14 33 141 135 139 119 52 5 175 156 226 14 89 245 87 76 79 222 108 171 248 125 136 109 160 85 8 31 97 44 124 243 252 24 141 13 169 
83 94 122 176 143 69 210 11 222 57 62 72 101 80 33 244 109 29 0 100 237 83 221 187 165 60 98 209 62 206 8 44 150 85 47 225 232 223 96 32 196 177 21 229 44 201 246 123 184 113 232 192 10 116 53 241 250 207 188 24 65 194 22 108 48 40 163 231 186 227 22 210 96 184 17 159 136 15 133 125 126 94 71 114 104 49 214 241 247 8 163 219 103 170 47 135 45 168 104 45 65 114 30 68 116 141 156 222 197 29 99 117 126 22 200 46 148 87 13 165 209 159 32 14 82 110 186 15 65 61 58 101 114 92 169 5 47 192 211 105 173 160 101 175 180 237 105 70 69 207 88 31 217 139 30 52 46 145 34 235 54 49 107 251 95 10 183 120 133 56 77 19 139 77 99 155 21 104 47 187 200 169 130 134 7 25 170 221 174 10 114 183 230 164 41 47 201 132 120 67 48 233 27 155 98 129 159 248 11 160 196 10 235 189 95 159 133 218 234 141 172 67 178 73 104 242 144 53 128 59 142 132 243 155 203 45 8 65 57 92 106 82 30 59 222 67 176 91 207 232 61 118 214 185 125 240 
142 208 11 218 200 252 237 21 206 181 246 252 69 167 219 0 75 165 100 0 221 18 15 207 231 29 165 89 169 70 211 254 154 30 17 183 60 41 193 163 139 248 159 241 211 255 21 149 3 202 99 208 105 103 159 223 69 105 251 52 155 138 240 135 190 130 186 62 4 183 9 239 238 72 99 10 156 234 250 170 146 29 133 245 211 132 71 129 61 199 62 121 161 180 243 217 75 220 233 61 226 167 14 225 224 248 129 118 7 197 70 139 110 55 243 148 86 110 121 20 12 44 82 236 141 219 132 149 194 58 223 94 34 168 146 81 219 217 48 242 3 149 8 92 33 177 76 242 13 199 181 205 246 249 114 107 88 147 79 249 35 189 95 222 184 128 128 234 60 0 95 118 213 181 162 23 138 149 31 124 153 119 6 65 122 234 54 118 165 181 42 141 154 127 154 35 29 228 131 32 116 255 216 148 234 152 144 252 163 94 141 143 93 69 204 104 173 65 249 1 255 184 167 242 133 77 167 81 28 122 38 233 195 171 7 97 173 93 231 91 229 33 171 103 246 234 88 168 91 186 34 23 104 38 152 69 
76 132 46 20 185 154 194 131 238 37 148 5 144 47 124 83 46 156 237 221 0 87 217 241 59 5 146 11 174 215 221 228 110 234 190 0 55 197 83 37 189 79 17 218 79 95 197 201 198 177 158 1 168 201 194 45 74 203 24 171 251 247 192 119 76 61 208 214 77 199 193 165 150 223 213 29 24 174 131 63 221 23 245 4 94 244 10 81 210 135 56 52 109 24 31 133 31 253 21 148 241 173 30 118 186 154 47 149 34 162 4 252 241 173 222 50 17 180 106 5 78 231 54 234 92 119 60 217 185 64 107 210 75 63 191 238 88 255 216 67 237 252 87 104 51 11 183 217 167 241 19 35 13 6 253 161 190 35 169 175 201 96 76 13 116 40 253 18 93 212 35 226 200 25 208 6 148 202 222 184 63 55 78 165 206 48 226 201 210 6 166 196 146 133 220 193 235 115 184 1 240 14 77 233 76 236 26 129 176 73 33 171 195 47 127 166 194 4 31 134 250 226 135 125 176 193 90 190 235 22 126 157 160 93 188 223 69 37 144 30 14 51 197 199 159 107 25 216 132 140 123 89 94 205 154 186 
15 211 42 204 175 251 199 38 160 235 55 126 145 21 63 175 6 226 83 18 87 0 109 49 92 47 25 39 221 246 191 225 185 128 161 25 88 3 41 94 154 100 13 13 231 3 115 184 178 226 196 160 26 199 29 164 97 200 21 20 81 246 103 144 29 48 218 222 194 240 192 95 176 157 132 202 68 251 7 193 7 41 41 226 155 231 14 81 59 178 101 140 99 203 174 184 113 63 91 35 110 200 1 120 17 187 190 194 185 163 132 247 151 252 149 174 138 9 127 13 207 157 60 107 95 154 138 55 8 134 101 66 182 136 246 69 36 23 230 176 120 106 168 120 212 227 173 11 34 27 39 153 161 139 157 78 61 233 216 210 135 200 236 5 223 25 192 185 14 229 84 252 67 199 184 80 189 26 133 71 116 123 203 103 195 198 100 57 36 80 31 57 108 109 249 174 141 130 34 219 192 125 112 22 55 62 138 126 77 39 39 193 235 13 90 116 141 137 158 219 21 235 114 56 250 16 2 171 252 0 219 213 6 134 51 187 247 93 233 108 150 124 96 179 216 113 31 171 176 223 202 226 66 9 5 137 
224 107 4 244 78 3 79 32 245 67 142 69 235 180 154 164 77 91 221 15 217 109 0 46 84 193 145 126 121 70 200 54 156 188 138 197 64 249 67 27 167 66 117 135 216 121 71 30 41 110 244 127 162 242 211 25 145 10 195 191 213 206 231 239 229 142 111 244 20 254 178 215 153 236 176 77 252 163 204 65 222 145 184 94 9 167 87 54 213 25 93 79 179 168 96 116 18 223 113 76 30 10 154 126 123 4 23 42 184 8 251 18 249 140 121 115 96 126 185 54 172 229 209 235 7 101 137 18 91 141 80 202 184 41 34 113 149 122 14 104 195 167 92 122 149 188 232 51 78 12 129 186 68 234 191 22 16 195 219 34 225 43 128 71 227 106 185 231 195 252 213 187 9 255 198 141 62 139 112 5 120 145 188 139 88 240 136 106 52 86 48 30 10 173 254 134 195 95 121 204 255 179 156 115 38 10 118 29 114 96 168 235 54 29 69 197 118 79 20 58 59 121 206 77 70 51 122 37 175 129 123 212 123 176 36 35 133 201 49 25 210 225 89 90 12 227 62 108 12 54 90 240 110 12 190 127 
54 157 182 163 229 224 121 240 135 84 42 221 193 175 59 156 227 224 187 207 241 49 46 0 205 107 94 245 53 14 143 68 201 164 70 89 155 215 230 77 131 28 163 180 99 48 44 9 205 104 24 178 19 131 227 97 198 21 43 53 169 198 223 237 152 73 1 217 196 138 99 234 70 3 181 225 9 152 63 171 230 246 76 213 206 186 98 234 104 37 178 48 171 28 251 226 130 13 123 214 72 39 143 113 183 206 164 154 229 206 63 230 128 127 224 130 95 34 207 86 130 252 163 201 56 88 202 93 100 127 121 184 247 154 168 100 71 180 211 202 120 164 172 72 25 93 15 56 66 172 167 57 254 67 248 94 180 27 237 91 210 237 212 228 234 67 22 88 97 134 129 159 155 191 118 184 41 98 9 124 183 18 142 40 203 227 182 159 121 219 1 110 20 202 103 8 232 75 57 217 64 159 222 187 253 117 242 90 151 130 77 94 155 218 214 118 193 153 135 190 104 197 84 69 53 78 244 110 234 6 203 156 251 188 75 13 225 84 103 92 138 1 51 62 182 186 216 135 240 161 180 137 246 141 116 100 
239 173 240 64 142 157 145 205 168 156 126 30 214 23 149 146 26 186 165 231 59 92 84 205 0 165 205 128 209 59 231 68 145 58 40 39 203 160 222 206 61 248 163 67 81 217 182 135 53 229 13 235 237 63 178 60 153 240 85 175 60 193 123 205 66 38 200 184 20 108 236 56 5 156 75 175 116 103 157 220 206 87 40 106 84 153 163 180 155 248 1 146 104 229 244 54 11 0 134 179 183 210 65 91 250 168 167 148 188 188 66 125 35 211 128 253 114 38 89 110 106 81 142 111 36 150 194 119 164 239 148 208 156 124 196 204 63 216 75 116 83 244 13 55 50 200 12 89 238 231 222 185 220 37 168 7 63 243 181 64 130 127 19 6 88 182 244 98 244 77 214 93 16 146 90 187 219 152 236 71 124 212 63 80 226 40 122 210 121 24 48 6 142 79 146 214 94 55 249 58 62 191 134 88 93 145 26 42 54 4 73 54 206 113 104 225 0 32 244 176 245 130 231 35 173 110 232 50 93 164 239 239 210 119 215 135 222 69 78 226 247 156 208 152 243 100 119 8 124 127 89 153 185 161 174 126 
244 145 23 59 41 238 191 243 158 93 40 12 70 233 104 194 89 120 60 29 5 47 193 107 165 0 164 239 242 123 61 88 214 117 105 167 150 127 92 174 197 24 100 148 74 164 154 144 237 47 195 138 121 195 166 0 202 54 199 41 169 30 66 239 178 29 174 133 242 93 121 165 172 193 104 144 209 231 184 41 91 215 128 149 59 194 128 147 94 219 5 41 23 67 218 15 91 67 36 196 12 18 165 102 110 56 55 223 40 52 19 85 242 204 233 207 215 33 118 168 90 175 203 215 165 24 133 241 113 37 122 210 134 100 215 0 87 53 4 164 163 108 50 194 131 190 192 27 78 242 177 243 123 112 47 74 77 54 110 45 8 103 220 114 136 50 147 39 140 143 84 121 56 156 53 197 110 201 143 129 169 219 101 67 214 42 0 204 34 157 31 72 122 180 177 31 204 103 170 229 209 62 93 246 41 251 15 117 253 94 143 170 103 24 235 77 119 148 32 21 187 203 225 131 230 24 83 193 26 45 74 169 150 45 255 182 201 55 165 76 167 29 205 241 179 247 93 38 127 116 183 45 247 104 59 102 
19 110 190 243 152 113 233 22 241 14 135 103 177 123 15 8 255 110 98 165 146 25 145 94 205 164 0 225 117 62 59 209 212 199 59 212 85 211 69 224 164 82 194 202 19 0 129 209 80 55 206 97 138 187 135 157 18 30 145 206 172 43 60 221 243 182 20 58 158 201 128 44 191 83 115 72 229 144 9 76 114 127 108 154 142 78 205 96 188 45 79 104 229 171 241 181 73 192 139 32 10 228 230 127 140 148 59 151 93 95 125 92 9 243 161 132 168 108 214 182 38 175 100 244 138 175 247 212 201 198 115 206 168 133 97 250 75 101 218 187 231 180 104 15 132 181 124 174 254 117 85 21 243 169 164 167 99 137 48 41 109 195 142 139 213 199 243 227 10 145 152 177 118 239 83 169 104 6 148 71 193 8 180 7 210 146 194 177 93 225 215 11 59 241 99 253 63 125 222 154 139 92 104 195 78 96 185 198 40 128 191 13 77 178 162 156 70 58 233 122 127 30 116 40 3 189 252 82 52 55 188 43 6 233 14 71 60 226 13 182 238 81 238 83 202 245 210 192 130 77 142 139 127 197 27 239 
70 107 69 146 155 209 0 110 180 221 27 12 12 140 131 30 81 53 209 89 11 39 126 245 128 239 225 0 86 243 253 187 191 229 4 0 67 125 198 83 176 161 82 152 222 7 164 140 215 34 107 225 223 252 9 164 138 78 117 250 60 184 158 175 3 140 128 39 144 46 233 216 75 151 193 175 88 85 147 236 197 136 165 126 111 77 108 127 172 235 41 240 24 201 9 122 104 141 60 188 9 117 22 171 72 68 7 119 172 103 219 139 209 124 31 10 32 143 30 189 104 199 11 108 80 120 150 163 15 10 88 244 193 37 92 249 94 18 140 246 202 46 98 156 235 173 97 182 8 117 174 136 243 58 154 90 37 245 104 147 14 211 92 56 63 70 228 175 123 245 78 202 105 66 214 51 142 88 12 140 51 82 119 88 158 110 91 82 77 91 239 15 244 119 109 234 214 83 156 68 243 187 207 116 45 185 205 13 16 199 66 114 162 252 115 108 229 253 124 116 188 252 196 255 25 219 252 63 82 103 98 126 149 150 145 95 60 143 132 247 12 173 188 130 210 214 222 111 167 6 70 63 47 123 111 255 
18 209 84 253 68 185 142 6 242 184 139 234 110 59 45 85 198 196 62 169 174 221 121 53 209 242 117 86 0 52 240 104 186 137 192 52 149 39 86 166 38 214 9 193 45 75 212 13 67 100 126 16 196 7 45 230 225 234 35 129 66 186 252 6 195 53 50 218 80 205 221 204 149 96 166 83 88 186 155 157 63 89 155 30 9 124 31 9 137 50 10 161 62 138 247 39 216 179 254 155 133 216 66 162 232 107 17 188 142 229 210 207 117 111 89 184 65 126 253 189 54 255 113 231 163 97 121 135 226 26 135 104 140 128 47 102 201 46 149 108 228 129 102 222 40 13 2 202 41 107 66 49 128 104 243 38 38 141 201 175 31 36 116 14 31 4 240 200 133 5 155 46 10 121 96 227 137 79 65 95 62 6 163 190 221 68 237 145 149 122 112 198 45 118 180 235 35 182 185 76 5 90 169 46 120 10 192 149 196 171 135 66 239 40 88 193 237 140 184 64 181 123 242 89 180 192 227 160 224 108 160 196 2 150 109 27 162 97 163 50 228 167 24 228 127 26 103 202 48 236 29 29 113 98 16 144 
72 54 52 2 86 153 186 42 235 94 4 118 194 112 113 213 95 0 206 70 215 246 70 14 59 123 62 243 52 0 40 53 158 67 40 225 206 76 239 125 66 245 192 73 73 31 21 52 56 252 9 22 89 154 209 22 147 166 216 94 34 78 46 219 46 150 232 115 95 105 45 142 194 243 158 94 102 181 200 24 4 114 66 109 236 112 214 73 197 27 96 162 10 207 22 58 38 190 168 219 128 172 241 213 223 16 250 70 82 194 44 248 106 4 88 222 53 42 98 146 212 138 1 90 57 46 251 217 94 248 120 60 60 107 106 187 245 180 242 125 131 57 139 116 201 45 134 146 187 183 97 68 232 56 146 98 71 91 249 30 211 214 199 41 125 9 169 76 112 2 248 32 228 147 254 229 180 205 216 62 1 85 69 47 128 240 248 76 163 11 3 3 238 111 172 12 201 84 190 115 108 70 220 68 128 97 6 39 94 19 147 244 15 40 44 11 6 175 169 40 217 12 217 38 180 35 23 122 43 109 152 187 226 2 93 91 254 147 121 14 36 42 208 22 97 155 17 154 48 53 234 159 230 152 145 172 
68 163 20 57 21 100 102 82 164 5 58 146 207 68 239 76 166 190 8 211 221 191 200 143 231 61 59 253 240 40 0 81 81 115 237 214 197 31 245 209 29 200 24 119 232 82 226 197 35 196 254 223 24 118 11 155 244 112 203 46 12 74 133 143 148 49 105 255 172 13 110 244 183 36 102 28 22 220 127 183 160 51 189 52 137 7 12 52 225 187 100 118 155 116 132 181 0 197 137 104 236 1 12 121 21 109 226 54 32 184 139 36 198 144 148 45 51 192 32 223 167 203 173 133 105 51 211 65 226 142 120 30 252 83 236 62 55 92 98 248 96 70 66 14 230 78 140 126 93 16 162 235 183 153 174 202 158 103 60 17 124 36 78 246 63 33 247 21 141 52 255 165 187 230 100 22 114 213 188 139 71 110 12 196 191 228 53 161 232 204 208 106 73 161 88 51 211 29 244 136 70 43 45 143 142 148 174 104 170 176 179 150 245 253 240 106 253 201 37 173 230 183 96 104 58 75 204 231 119 148 139 166 203 211 95 102 198 104 124 76 146 94 146 237 75 157 43 54 248 163 133 188 22 238 88 81 
118 26 9 23 43 175 129 31 161 210 113 17 24 141 139 55 99 223 44 254 228 225 54 68 68 88 209 187 104 53 81 0 124 49 98 141 252 53 200 84 210 20 168 99 177 109 245 218 158 85 72 140 247 3 212 86 17 191 226 210 160 36 111 79 57 49 87 76 202 20 149 164 151 52 245 189 242 89 90 91 173 176 121 175 173 71 100 156 131 89 114 184 158 140 168 14 222 241 93 124 245 106 172 175 180 111 64 0 54 159 237 194 183 12 147 220 58 119 144 6 52 105 134 169 85 11 61 186 93 61 233 215 100 144 132 117 27 147 90 174 16 94 233 216 202 15 134 227 220 157 99 149 243 182 190 149 214 133 210 239 246 90 121 231 137 186 177 66 173 50 182 188 134 176 31 131 184 34 165 82 116 204 20 224 150 194 145 113 157 202 140 254 254 191 58 29 37 241 72 24 253 223 187 99 215 212 162 178 23 205 55 219 12 164 8 246 110 247 144 37 149 159 127 34 38 195 150 44 168 194 177 159 164 241 39 191 231 180 18 119 245 76 37 56 34 210 156 251 170 167 254 137 19 99 236 24 
148 194 91 146 103 137 149 113 158 162 177 69 122 91 101 68 64 65 150 154 110 185 156 201 145 214 212 191 186 158 81 124 0 197 173 45 13 150 50 121 22 196 93 248 207 230 74 252 192 210 204 95 247 76 20 30 15 21 89 43 251 66 209 232 153 161 188 188 59 132 106 154 208 36 25 87 64 160 98 215 46 92 208 95 196 175 48 129 251 176 225 23 7 129 99 208 57 190 150 100 170 38 165 187 175 113 137 23 146 6 54 22 162 106 77 88 170 195 115 78 33 184 201 230 164 43 201 22 51 163 166 225 236 234 211 237 41 28 123 53 15 93 108 214 221 185 236 148 190 230 35 73 51 132 126 144 136 90 8 242 138 175 227 40 13 167 132 96 76 94 53 228 27 170 233 163 210 234 248 114 204 70 117 84 40 197 215 103 20 19 173 90 34 227 141 233 163 220 131 137 83 218 6 165 83 202 14 217 25 63 130 144 112 149 124 3 3 172 92 221 72 102 164 234 49 178 74 134 151 2 189 79 46 95 237 223 10 182 196 25 0 156 36 164 36 24 151 115 210 111 229 24 94 4 37 11 
183 61 138 143 198 15 11 178 231 53 110 170 7 244 65 176 102 129 85 30 234 128 188 164 58 117 199 229 137 67 115 49 197 0 151 79 64 228 33 107 213 166 160 77 202 138 145 128 236 91 208 74 0 115 204 123 219 212 120 169 255 204 110 186 69 13 158 4 139 177 117 54 1 40 90 28 152 94 216 124 174 24 165 244 96 125 45 254 253 42 192 36 157 225 168 103 158 131 161 253 173 142 169 210 161 35 151 130 59 11 234 29 32 16 124 107 138 197 222 113 49 207 43 128 158 94 166 227 152 137 14 33 101 161 83 146 15 166 203 182 87 252 180 1 203 30 219 174 61 81 44 129 144 39 10 56 153 33 87 79 206 90 91 100 118 18 85 208 48 2 196 95 178 31 166 174 145 181 159 169 97 197 115 213 118 12 94 142 120 222 241 96 15 193 83 26 213 243 96 43 66 70 227 155 168 61 171 128 107 106 119 61 90 175 111 126 91 123 247 211 95 229 139 16 124 228 82 210 206 9 179 67 101 50 200 168 42 82 241 76 138 28 119 8 145 250 2 52 172 244 95 146 99 55 185 78 
59 181 96 2 247 209 80 73 45 108 152 159 188 141 109 74 137 95 47 17 190 161 138 70 40 105 59 4 192 40 237 98 173 151 0 71 231 220 40 140 10 130 157 96 41 21 175 200 120 10 43 73 49 93 108 168 12 229 235 37 17 3 31 138 94 205 15 133 233 40 34 146 184 161 1 41 145 167 53 72 207 224 1 143 117 244 85 213 5 221 50 27 221 38 254 158 145 35 94 172 219 253 133 166 111 212 255 164 58 218 163 81 252 255 44 248 4 27 69 246 180 220 231 83 94 24 183 66 159 5 212 30 169 130 179 159 149 102 242 30 47 87 120 151 167 180 234 112 221 244 34 194 171 153 185 204 219 50 131 226 38 164 6 95 71 114 130 168 115 99 33 13 144 221 151 32 128 128 235 155 127 187 58 186 254 26 1 5 89 19 88 229 143 169 96 92 16 43 155 110 1 18 107 133 213 148 54 12 89 97 152 161 42 184 23 51 46 185 96 73 213 170 225 179 90 212 245 91 252 45 218 183 12 36 5 237 23 104 245 114 192 109 138 218 52 224 135 29 185 28 192 110 174 127 201 1 
112 245 170 221 17 194 149 65 63 170 147 208 174 162 124 90 152 242 225 183 0 25 197 89 39 167 212 0 52 225 214 141 45 79 71 0 39 55 187 250 55 121 36 238 79 19 202 113 200 230 136 197 159 74 179 206 247 151 113 237 214 155 21 153 215 191 244 243 22 128 191 218 137 87 77 17 246 55 154 178 109 26 146 71 112 240 176 26 217 24 220 61 219 168 117 120 49 150 14 128 230 225 198 91 30 252 121 153 0 20 78 49 202 250 22 12 112 74 221 175 239 253 202 142 198 160 7 126 171 69 4 176 94 255 217 251 31 156 117 197 22 91 181 249 12 208 13 5 94 36 132 238 180 119 65 192 117 152 59 155 148 129 214 26 137 134 81 211 172 92 164 213 66 26 47 1 102 43 155 154 73 245 211 32 93 157 33 178 7 156 213 240 168 151 80 56 42 196 196 168 168 174 218 177 23 173 75 212 174 215 105 84 220 248 240 206 70 109 59 147 225 227 74 0 90 213 37 7 8 227 108 41 230 137 195 131 182 217 255 240 109 84 156 18 187 30 207 115 243 233 32 94 224 124 240 222 
17 97 218 137 107 70 145 152 138 45 253 163 7 33 214 129 16 183 232 60 55 88 64 155 203 150 85 67 149 206 197 252 13 64 231 39 0 203 183 225 107 124 49 127 184 37 17 72 180 76 163 237 95 237 90 240 71 103 81 41 13 53 221 57 253 51 234 123 218 12 86 73 240 201 3 246 94 110 27 120 224 106 86 61 21 188 221 110 202 43 148 46 9 218 202 159 168 94 55 77 40 6 168 148 71 190 171 64 87 72 29 107 47 209 70 130 134 44 21 77 180 146 109 105 15 128 117 48 224 231 1 23 5 173 242 4 32 29 251 115 180 65 253 170 158 30 190 54 249 68 14 109 199 227 45 76 37 252 153 109 164 41 244 76 221 218 18 105 192 83 237 95 170 86 73 156 184 231 174 64 25 183 62 240 223 44 136 247 185 225 67 139 72 213 62 223 228 111 1 249 246 242 210 29 238 176 83 111 56 191 132 23 68 72 154 127 254 81 4 170 0 148 81 87 135 150 119 224 185 39 33 19 205 117 156 139 183 60 178 1 24 156 191 231 21 45 184 164 84 168 188 106 47 131 144 75 
244 12 173 248 58 246 66 71 30 22 133 40 142 153 122 162 29 198 223 41 197 3 249 215 160 127 211 125 39 76 31 53 150 228 220 55 203 0 49 96 128 86 124 166 201 94 151 210 189 55 219 156 164 78 143 47 185 80 170 232 113 208 220 153 252 83 32 244 11 109 22 240 207 253 227 65 160 199 187 75 26 62 134 241 224 220 127 162 32 57 48 29 133 118 10 201 42 36 193 232 244 110 146 228 189 74 211 252 53 232 218 22 144 157 22 248 61 172 196 61 170 41 26 223 205 211 253 83 137 118 239 153 182 134 76 16 61 66 233 70 94 70 187 64 150 109 138 14 207 36 2 118 122 187 170 241 109 204 198 131 85 30 36 21 175 152 164 105 141 163 141 232 221 249 130 98 109 152 18 124 219 135 79 235 186 158 40 139 134 123 53 157 171 81 140 111 10 12 70 41 96 224 251 177 202 46 186 157 102 121 65 173 55 93 85 191 241 167 91 13 246 201 187 44 205 227 233 4 63 248 112 145 245 105 201 94 63 16 167 91 191 241 87 171 144 109 90 234 127 118 191 49 154 191 208 92 
188 109 114 239 58 45 234 52 190 115 153 119 18 239 15 78 169 37 96 193 83 41 67 230 222 92 69 198 86 239 245 200 50 33 40 187 183 49 0 56 78 227 100 192 253 103 217 166 200 109 47 209 139 107 97 147 102 34 134 17 170 189 235 225 42 251 54 143 231 109 220 16 213 45 74 58 109 146 202 113 14 62 199 65 118 109 161 101 65 13 7 239 173 87 96 26 164 10 128 3 86 15 200 93 103 4 50 13 50 200 122 238 18 114 178 0 158 156 91 178 73 186 71 95 39 80 19 218 224 178 55 255 214 205 28 169 174 148 6 95 238 71 190 64 252 154 51 239 45 242 4 43 133 194 147 109 213 222 226 213 219 164 87 193 179 240 51 96 202 179 104 86 232 220 179 121 169 24 196 228 244 201 124 243 251 19 53 53 124 111 26 214 140 232 194 21 159 162 203 153 69 123 14 246 46 180 2 241 91 27 207 123 27 127 1 124 239 105 140 12 96 196 183 254 107 1 198 47 70 39 18 164 181 65 189 40 132 92 67 22 55 135 33 164 172 230 119 119 12 94 5 254 185 120 12 188 
178 192 161 106 76 207 227 94 8 33 229 6 254 125 79 12 213 45 32 163 37 94 27 77 206 174 224 83 166 125 209 84 121 107 140 250 225 96 56 0 16 78 153 152 249 35 68 247 141 109 90 97 133 112 9 45 30 113 152 125 127 253 117 85 252 165 103 66 178 114 89 255 90 35 86 141 251 105 68 237 161 162 149 112 153 112 26 138 75 126 134 231 11 122 149 226 246 211 251 5 100 199 193 20 173 45 236 117 241 221 204 213 218 217 175 243 21 76 81 192 77 217 79 112 151 162 154 117 190 78 12 33 78 131 53 191 192 128 138 207 245 227 155 226 156 192 210 240 49 22 162 61 199 15 196 239 73 233 206 47 143 216 66 58 215 234 186 7 121 243 3 47 195 211 54 98 95 9 142 13 47 97 212 232 142 122 174 116 150 229 60 214 121 51 83 186 72 153 169 56 96 49 168 179 143 4 166 212 243 15 224 249 79 207 82 37 136 158 26 247 156 8 33 194 183 103 141 59 208 31 68 153 27 3 32 142 247 222 203 77 248 85 96 111 251 80 186 221 239 5 220 75 205 174 52 93 
59 192 102 231 192 217 106 10 226 64 46 169 116 53 224 88 95 209 196 139 189 154 167 131 61 197 164 176 38 66 29 210 22 213 10 55 107 128 78 16 0 107 32 191 202 255 121 72 86 130 98 182 8 152 122 180 186 12 104 255 98 185 133 127 240 82 29 198 215 140 238 45 189 82 177 242 156 76 7 214 35 195 188 162 142 196 80 119 106 34 152 224 209 94 214 72 160 244 140 33 153 28 198 28 205 231 39 127 157 19 97 86 15 15 253 198 67 213 114 35 123 144 23 207 188 254 182 105 114 248 137 216 226 124 5 7 145 116 7 2 109 155 165 179 16 103 205 107 144 170 211 42 147 71 231 200 189 32 142 16 2 219 168 220 100 156 140 77 251 159 32 161 56 154 166 141 192 233 150 116 74 186 28 227 111 200 54 32 205 183 219 144 77 200 170 72 255 122 90 87 213 214 252 45 255 183 149 202 215 60 189 133 199 82 141 135 204 58 134 191 163 81 250 98 242 45 205 180 210 150 227 18 66 62 113 154 189 150 138 24 203 133 157 174 136 109 108 66 32 65 63 251 70 21 23 65 
49 24 118 130 211 140 226 231 108 192 5 193 173 70 128 120 211 35 177 248 79 100 66 28 248 24 82 161 214 245 200 20 196 166 130 121 124 86 227 78 107 0 225 53 12 74 19 80 51 172 84 135 203 86 241 217 132 213 55 113 188 3 230 174 128 200 169 250 26 131 51 243 211 252 8 130 238 15 42 166 100 35 53 54 20 246 22 172 84 217 106 202 196 183 57 0 26 241 82 175 227 238 185 162 23 103 112 194 64 228 150 205 218 21 101 224 253 183 115 79 237 185 178 39 174 41 20 83 42 231 237 184 35 88 240 217 139 250 80 145 89 197 16 51 208 93 146 210 219 95 218 29 173 227 213 36 180 108 248 245 228 79 65 16 30 156 211 73 69 155 145 43 86 190 122 89 178 250 124 178 78 245 203 151 12 43 72 175 121 204 23 26 106 9 110 22 176 175 11 216 26 7 83 116 210 21 9 23 193 186 119 137 246 210 118 245 56 64 148 229 245 198 147 246 14 238 39 8 141 133 209 158 41 115 214 205 158 56 68 188 135 52 252 192 209 134 37 175 31 138 115 0 147 251 199 0 
5 181 84 223 29 104 170 123 53 213 231 12 243 229 82 71 213 39 21 159 17 13 117 163 163 100 194 82 9 192 24 168 93 160 157 36 49 124 100 153 32 225 0 155 33 61 167 82 26 124 34 6 203 102 57 242 216 53 144 153 136 211 146 181 31 144 138 105 238 32 217 28 161 21 214 39 96 2 141 2 19 54 94 25 24 184 86 161 195 113 54 33 103 78 106 89 67 143 173 217 0 96 117 206 225 184 63 251 224 2 185 82 113 82 245 172 158 53 167 195 246 83 112 185 229 28 180 146 163 180 43 161 30 188 39 60 190 25 208 4 57 144 195 92 232 198 61 31 14 197 171 98 108 16 196 18 150 48 160 24 76 74 152 30 233 111 197 101 232 46 178 75 212 165 78 40 67 81 123 204 119 136 75 159 28 253 132 234 114 63 87 117 71 56 26 133 185 144 102 140 11 88 6 7 95 154 29 153 107 188 232 31 74 8 19 217 186 167 178 202 0 78 26 139 32 75 124 250 106 233 61 74 31 75 112 174 214 47 101 47 128 200 244 78 29 89 193 76 172 41 75 22 79 215 220 56 
