256
0 43 163 228 60 254 195 32 63 160 207 21 106 45 16 40 253 234 46 54 234 88 191 177 72 115 69 138 144 220 1 131 76 106 9 73 5 215 119 249 40 16 26 241 159 106 106 153 53 215 139 19 131 79 93 198 12 95 188 149 220 106 100 33 37 189 130 63 254 211 137 17 66 224 167 50 202 198 173 17 171 191 214 212 97 74 88 58 61 0 62 157 151 224 160 178 34 49 112 55 8 106 103 169 183 38 147 65 249 177 90 188 204 58 151 37 123 62 112 164 246 18 232 97 44 20 50 106 13 64 21 196 67 166 175 100 106 165 235 64 57 224 208 169 139 199 225 248 110 113 206 194 34 50 253 134 191 132 119 228 106 30 25 129 194 8 134 12 217 225 243 145 214 64 92 20 230 102 137 180 194 193 112 205 147 217 49 130 214 54 28 11 4 215 17 172 249 82 183 160 12 34 12 55 9 233 168 30 30 86 154 97 46 9 161 92 111 136 204 142 164 224 60 183 117 185 126 253 122 171 36 41 27 233 189 138 129 146 43 100 41 82 129 74 99 46 253 81 109 170 47 69 119 198 175 108 
43 0 31 146 204 52 111 172 253 218 202 88 81 204 87 6 242 9 213 237 126 151 219 68 131 72 110 156 55 72 209 229 1 197 25 65 206 229 94 198 78 249 183 7 152 17 231 28 102 162 35 119 203 99 47 92 50 24 231 112 244 142 158 216 150 4 150 19 54 244 177 145 76 14 161 207 65 6 13 172 115 140 83 244 6 200 115 107 184 218 157 224 72 189 21 0 130 83 57 118 139 83 128 115 254 223 67 254 83 8 69 6 167 52 39 170 81 106 17 220 165 241 64 234 219 39 191 108 130 36 233 120 27 114 39 51 168 180 63 133 69 30 49 112 179 181 224 181 182 240 175 57 183 168 79 166 244 217 27 3 173 66 145 158 105 238 25 224 138 97 168 148 45 70 8 28 224 116 102 56 68 3 153 124 167 208 218 203 162 72 112 111 79 9 84 133 156 246 122 168 101 157 149 33 146 155 100 37 242 24 44 150 106 61 44 124 12 237 147 96 213 21 64 73 107 65 194 216 102 228 4 0 87 33 84 236 87 216 250 10 241 111 73 63 14 144 206 1 198 98 185 35 190 103 221 4 
163 31 0 116 46 115 20 238 158 170 186 119 10 170 103 71 174 178 45 102 185 67 146 227 177 223 241 120 52 83 31 31 102 172 29 169 58 161 160 45 27 130 117 203 18 172 22 186 121 167 207 131 227 17 71 123 239 60 38 143 203 72 248 238 67 128 9 167 217 49 182 87 181 118 241 1 1 175 229 217 204 144 17 179 35 206 245 150 10 191 98 83 63 190 91 214 104 167 98 162 5 185 154 176 165 55 194 124 244 195 224 255 82 3 116 33 130 172 30 43 132 69 223 140 179 93 49 21 48 22 220 203 240 241 165 109 67 246 230 41 232 83 237 182 143 43 88 162 206 140 86 181 228 186 8 45 48 225 242 62 202 53 117 103 86 31 158 6 119 102 186 163 11 72 232 209 243 84 1 146 113 215 242 56 123 173 207 140 144 125 180 75 163 219 102 18 2 251 234 144 230 124 207 39 93 84 192 39 205 235 154 28 187 10 209 130 28 226 37 176 240 150 104 152 250 231 89 170 239 123 2 136 90 119 40 206 21 190 241 100 144 86 183 112 8 116 171 44 78 109 15 30 42 89 199 53 
228 146 116 0 254 254 91 110 159 39 201 169 225 178 75 153 80 84 4 123 247 60 220 100 90 167 128 215 119 216 228 192 217 157 111 18 18 245 23 198 16 80 35 48 34 177 196 205 135 234 113 56 126 166 130 4 212 39 134 38 133 192 36 83 102 156 182 150 159 88 197 55 227 200 107 40 115 251 118 17 86 237 120 103 183 147 32 142 164 196 56 246 133 131 119 222 157 5 166 253 5 152 106 9 39 138 48 49 32 57 95 232 0 142 105 34 242 101 177 92 212 50 236 78 191 112 69 194 77 227 179 42 40 100 200 19 74 214 201 64 110 19 49 234 71 2 224 176 200 186 64 58 128 74 128 150 196 250 118 200 110 207 153 68 10 156 161 59 190 73 52 222 216 88 80 80 5 84 112 143 246 36 237 169 253 143 145 127 245 109 210 200 84 8 246 185 14 119 169 32 187 93 210 101 6 234 179 84 19 83 62 12 21 80 0 142 96 92 206 48 7 179 125 88 104 207 8 31 70 61 201 109 177 237 97 188 245 240 35 205 247 7 14 8 171 7 110 210 248 76 204 50 252 146 25 8 
60 204 46 254 0 232 164 38 106 101 54 20 96 223 34 220 9 231 200 91 171 219 80 64 74 21 153 106 108 36 89 255 141 24 247 9 172 55 209 102 9 191 55 14 250 152 94 154 231 124 68 137 177 77 4 69 250 199 47 114 84 33 40 49 177 75 190 79 47 48 206 244 90 236 80 162 93 171 149 74 151 141 168 182 4 73 48 245 181 104 125 95 238 54 20 21 145 156 138 150 126 2 250 156 249 128 38 103 215 122 157 59 172 64 242 131 8 11 235 106 186 73 95 243 85 204 105 106 128 1 26 209 242 26 36 1 114 89 111 160 23 53 248 117 182 210 221 212 2 42 61 187 188 175 213 109 31 240 80 43 74 59 163 2 207 144 111 11 207 12 21 122 25 191 137 39 104 153 54 211 15 123 152 52 201 125 230 156 2 192 252 84 10 37 178 160 81 162 10 0 124 229 120 20 45 193 202 220 192 199 236 213 227 66 110 119 213 176 238 236 244 57 124 181 62 254 19 35 193 179 54 209 18 6 92 191 191 93 237 16 164 87 103 168 219 36 82 18 92 55 197 2 39 250 208 88 
254 52 115 254 232 0 147 46 58 36 25 88 46 23 119 25 249 5 65 19 119 136 131 198 170 181 212 106 54 3 164 169 85 75 131 100 172 248 246 250 184 174 185 237 87 69 224 32 177 236 190 73 205 2 113 244 180 143 84 5 61 182 30 74 19 24 4 173 111 6 93 196 39 37 163 46 78 131 45 218 233 0 167 255 60 184 61 201 164 91 129 227 155 226 94 244 218 175 130 83 214 196 206 47 46 80 198 94 69 193 36 69 134 152 67 41 238 44 9 11 41 158 97 9 19 238 56 76 172 231 111 130 219 237 31 202 247 9 216 120 56 120 8 180 151 223 77 57 90 206 217 248 180 233 233 243 132 50 113 223 217 194 250 214 79 111 254 174 187 11 59 229 122 158 13 6 154 32 68 68 164 236 168 11 234 230 90 196 16 182 150 140 15 131 36 23 167 183 170 154 196 90 112 61 15 70 41 106 233 205 226 100 122 120 110 134 230 73 107 185 82 221 103 203 194 205 65 76 129 14 238 255 127 217 149 143 99 122 194 71 211 208 69 176 220 25 174 44 179 30 187 104 45 132 106 80 
195 111 20 91 164 147 0 140 63 101 195 86 133 219 144 16 121 115 183 206 185 185 187 206 144 66 102 95 22 249 189 150 251 26 71 176 13 12 132 223 15 58 128 236 242 188 194 230 136 153 57 121 183 86 44 88 72 99 194 101 138 246 163 152 147 19 253 140 226 242 85 169 41 206 145 242 132 199 203 219 166 254 35 10 188 133 121 247 13 28 244 202 108 94 89 209 36 78 251 165 223 212 227 90 80 196 207 93 94 13 150 83 216 185 125 174 66 0 66 226 36 156 197 129 231 123 20 3 83 54 221 47 58 130 132 202 187 116 132 236 204 39 51 232 58 63 194 247 59 203 202 205 14 223 100 173 133 162 22 240 219 116 23 234 81 127 164 138 187 125 130 109 133 27 61 18 215 178 218 10 144 143 238 89 222 90 223 170 171 44 74 247 163 176 104 236 238 191 245 22 213 58 24 50 123 7 188 87 34 186 39 170 71 86 188 171 72 225 190 143 226 106 138 122 185 34 151 127 122 254 135 113 240 179 118 56 194 0 253 134 134 110 24 144 227 31 25 168 248 56 76 161 118 20 43 136 
32 172 238 110 38 46 140 0 164 114 253 157 164 49 41 159 240 106 253 141 8 180 233 108 165 201 190 157 116 209 13 83 164 202 11 62 227 185 54 69 165 100 78 119 247 155 173 139 96 164 242 93 22 69 74 153 174 40 245 97 206 13 27 213 99 18 201 186 146 172 231 162 71 202 53 151 222 252 131 205 150 145 29 63 232 229 149 163 91 93 143 115 129 90 59 165 194 56 230 181 109 234 218 209 229 80 55 20 161 91 45 213 220 242 208 52 218 173 165 109 8 200 11 33 243 48 233 89 32 73 65 98 190 130 116 3 122 140 89 91 201 238 10 0 23 152 217 216 94 46 241 252 113 0 80 248 54 92 205 153 193 177 76 72 222 242 10 234 106 217 22 18 125 164 250 13 114 96 218 77 197 69 193 70 146 137 248 153 7 73 127 183 44 78 199 241 59 15 59 126 150 138 27 137 78 194 96 122 131 24 140 86 156 167 206 142 34 21 162 105 134 159 224 114 69 196 173 19 44 217 5 137 96 221 74 67 240 38 247 66 126 202 106 43 26 175 235 191 52 215 200 152 23 190 142 82 
63 253 158 159 106 58 63 164 0 164 106 189 176 20 218 18 119 11 67 140 21 106 162 3 134 220 253 71 127 26 225 28 83 120 91 164 244 247 161 243 57 187 119 57 162 88 122 195 237 250 117 230 89 49 249 89 149 6 93 74 62 44 178 171 54 156 116 156 26 6 140 104 135 43 203 70 39 168 209 109 162 84 210 88 183 185 240 196 223 140 86 214 124 50 11 179 56 77 174 180 122 59 41 246 115 229 240 118 219 19 125 81 1 132 141 11 1 247 8 64 69 74 18 214 30 19 4 168 124 92 213 144 170 81 121 45 255 142 199 253 169 117 232 210 8 31 36 61 164 78 74 137 87 31 114 251 180 249 101 84 111 131 4 121 151 27 32 147 23 154 92 12 46 171 152 93 248 170 172 129 49 115 182 147 241 157 101 90 9 167 89 206 196 71 197 233 4 19 147 52 78 176 108 219 26 35 245 143 63 191 99 193 122 193 206 69 190 56 58 245 232 90 234 238 248 133 182 44 225 148 160 188 200 206 25 213 251 52 12 17 45 17 16 140 191 124 191 31 36 125 82 179 153 189 176 178 
160 218 170 39 101 36 101 114 164 0 211 19 72 121 248 69 217 186 195 172 68 111 3 205 209 174 237 217 175 44 121 133 163 52 13 196 202 57 142 112 65 36 119 10 252 33 109 58 79 116 72 221 32 47 65 242 95 36 66 28 243 6 50 4 99 243 27 231 139 49 198 157 225 52 111 50 185 69 146 64 59 208 130 58 99 77 211 140 176 41 135 83 7 193 245 121 185 91 197 117 73 120 107 32 230 15 65 11 173 142 147 221 242 225 53 8 176 141 135 5 91 47 125 252 39 185 213 201 199 247 202 237 242 181 27 192 103 104 14 246 47 117 118 129 199 131 222 91 170 185 117 63 194 93 80 129 128 54 6 182 210 65 158 116 3 220 112 244 153 67 169 7 68 146 238 104 64 149 251 69 50 69 10 81 76 65 108 5 226 244 12 72 154 208 38 143 83 19 53 198 115 179 196 235 27 117 136 171 38 75 236 57 86 158 16 155 15 191 150 148 182 107 128 169 199 238 108 91 194 137 213 53 12 19 145 126 34 129 164 5 252 24 13 62 104 161 36 170 126 180 194 50 206 102 230 240 
207 202 186 201 54 25 195 253 106 211 0 255 247 171 205 92 176 126 182 53 55 117 118 41 95 206 199 74 181 92 81 199 187 30 109 148 211 55 72 120 97 34 95 12 34 70 105 102 95 117 66 208 23 58 180 10 105 229 126 71 185 94 155 210 49 250 61 247 63 117 250 96 51 241 146 172 22 34 2 216 99 38 115 104 114 67 181 101 167 150 201 102 83 145 216 137 19 172 45 159 91 91 212 193 120 12 27 116 218 234 248 195 246 100 51 128 237 81 168 230 217 177 225 54 150 22 137 90 88 106 59 118 79 29 95 99 81 76 21 84 165 172 118 39 153 96 122 36 38 61 156 152 255 210 82 39 228 245 97 157 159 239 192 114 207 115 21 227 225 114 37 58 1 107 52 180 227 211 167 51 65 66 89 200 240 218 97 167 236 139 123 60 31 47 195 179 148 150 54 204 28 251 105 75 200 6 54 247 175 223 218 232 119 76 83 238 127 195 174 34 196 151 197 5 59 6 138 24 17 125 254 250 89 142 223 68 120 18 18 120 55 36 234 35 15 195 65 43 157 71 121 86 160 117 55 47 
21 88 119 169 20 88 86 157 189 19 255 0 67 83 13 214 222 223 187 204 48 124 183 106 103 15 45 63 151 140 109 232 89 103 213 209 17 217 31 143 150 249 70 136 219 15 177 136 96 126 71 160 32 213 23 167 73 136 133 75 59 73 72 161 37 166 19 116 45 121 75 53 13 108 23 208 138 215 211 60 41 52 94 32 128 150 212 53 143 149 116 118 181 135 88 154 42 0 205 16 23 213 84 62 49 49 248 193 247 106 172 0 140 69 90 217 53 103 150 112 39 64 246 63 120 92 168 61 237 232 187 180 17 75 74 252 16 149 146 72 75 159 252 108 246 118 207 162 178 113 244 65 11 86 239 13 3 95 189 132 158 177 183 62 82 47 55 199 201 56 103 101 61 73 13 164 109 106 131 75 200 199 248 165 45 22 246 82 239 128 105 52 110 253 155 165 228 249 19 3 84 164 3 57 71 156 133 91 222 195 79 29 179 230 156 215 64 75 29 41 109 141 189 72 222 47 59 81 12 183 228 6 100 134 124 202 131 121 136 87 147 137 91 168 249 202 183 141 211 65 59 207 161 244 123 34 
106 81 10 225 96 46 133 164 176 72 247 67 0 141 101 8 245 186 97 149 86 224 12 171 229 179 58 174 231 105 86 60 90 143 20 213 220 76 46 53 156 116 50 173 243 241 119 204 135 130 121 245 204 123 232 165 184 242 110 67 224 63 199 120 101 202 204 134 52 51 113 208 221 72 120 184 231 153 120 11 186 161 134 114 9 222 121 251 151 139 9 98 147 28 172 226 116 143 49 156 247 96 65 118 30 16 14 147 135 92 62 136 135 135 225 253 212 238 151 56 106 124 143 88 63 145 140 94 168 91 36 218 50 124 59 141 98 92 223 128 220 8 115 96 65 108 86 162 205 173 135 28 77 34 170 224 131 210 221 133 104 138 161 149 240 93 87 192 198 201 192 224 206 7 160 85 190 112 30 79 253 48 144 30 218 138 192 168 78 5 137 168 121 100 214 195 172 185 192 210 21 84 239 146 61 127 203 175 3 190 169 82 200 45 185 174 162 242 246 171 193 81 60 181 232 129 70 0 93 178 24 108 196 33 63 104 96 101 15 65 5 63 196 253 184 173 41 180 78 236 46 223 159 31 239 124 
45 204 170 178 223 23 219 49 20 121 171 83 141 0 56 231 136 252 160 193 148 116 221 33 127 39 213 21 188 15 240 78 136 10 167 71 175 214 246 173 113 173 174 26 59 215 106 121 20 231 131 114 139 93 89 43 148 158 247 211 130 26 129 2 175 29 196 126 236 247 28 8 90 193 153 98 245 50 72 46 177 61 101 126 225 253 101 243 201 76 237 216 22 195 233 113 174 13 247 187 162 128 217 139 236 165 204 128 133 245 125 143 229 148 123 186 220 94 18 116 214 17 248 65 230 86 194 135 43 73 32 81 172 228 181 77 100 179 211 136 146 74 3 0 17 205 111 100 216 26 248 57 17 123 122 144 77 55 135 227 76 253 181 46 21 231 176 221 121 210 176 254 96 206 83 82 140 64 154 68 102 175 63 26 103 30 64 18 204 41 38 59 81 97 62 149 219 36 240 225 151 135 179 240 130 150 236 28 100 85 91 44 77 88 154 220 119 122 135 198 202 64 23 205 12 187 41 119 208 89 164 219 143 219 72 199 74 34 156 94 39 9 19 73 243 229 174 54 110 246 54 66 88 232 125 86 
16 87 103 75 34 119 144 41 218 248 205 13 101 56 0 172 146 127 232 36 239 144 148 52 134 76 87 128 168 32 238 80 241 47 213 167 22 99 200 21 109 230 5 120 154 223 17 86 141 247 38 21 65 199 183 122 250 84 158 220 66 141 47 181 32 222 155 78 247 165 116 146 204 19 205 112 165 227 67 31 144 225 194 64 49 17 12 124 182 122 201 201 129 6 138 159 134 222 219 1 188 20 164 94 58 27 96 149 164 158 205 208 123 117 86 26 106 128 233 4 106 35 231 230 219 59 61 230 62 223 2 0 156 25 247 244 90 112 79 44 13 234 72 6 34 249 98 15 244 174 57 254 108 63 217 214 128 65 228 174 79 19 185 150 50 243 216 179 25 139 52 191 99 79 42 36 245 68 182 191 132 49 195 99 8 144 253 206 10 38 85 49 86 72 215 93 220 40 123 111 146 23 233 133 137 244 112 154 218 38 251 238 6 173 4 29 15 97 17 100 145 225 69 34 177 49 160 102 151 230 201 67 121 230 49 70 186 36 93 2 181 32 213 133 241 36 66 94 72 68 201 50 164 9 45 37 
40 6 71 153 220 25 16 159 18 69 92 214 8 231 172 0 135 62 227 202 232 210 175 12 161 13 104 70 153 216 176 147 33 6 29 79 217 230 63 228 38 72 169 171 152 214 7 218 81 155 116 29 53 199 92 36 15 215 154 185 237 209 245 100 223 246 178 197 195 179 25 193 88 45 144 197 200 243 65 254 77 195 120 69 49 245 222 197 33 223 167 55 116 195 81 12 113 46 102 144 179 140 212 8 161 24 123 224 35 158 140 35 98 56 13 59 185 2 182 175 59 243 203 184 95 5 96 15 103 63 132 39 8 173 6 0 140 62 11 113 172 144 231 120 246 213 207 42 190 131 200 121 153 49 51 145 231 88 151 167 222 29 107 18 12 56 56 57 101 18 55 246 84 56 119 44 54 57 173 123 169 110 59 27 155 225 251 254 140 48 180 90 175 141 200 90 78 8 98 40 12 109 190 176 174 190 170 225 80 216 163 61 194 250 196 45 54 138 49 168 112 18 174 240 210 112 228 145 57 52 27 170 20 50 213 156 19 87 34 183 23 31 192 122 25 99 208 89 231 202 70 183 78 128 185 47 
253 242 174 80 9 249 121 240 119 217 176 222 245 136 146 135 0 108 103 141 12 106 193 238 7 184 240 134 53 156 96 228 109 161 58 17 238 112 35 36 133 195 99 129 226 159 231 202 254 21 91 25 185 79 254 85 224 24 5 77 123 125 207 88 16 81 252 217 159 164 22 89 46 13 9 232 11 84 39 45 77 200 90 0 32 124 12 229 154 85 184 113 192 72 106 143 201 211 87 174 228 22 7 207 126 230 113 34 221 182 35 152 91 11 90 145 2 76 23 25 186 238 208 139 182 140 76 77 59 138 255 232 66 158 48 123 143 137 19 205 237 230 218 83 207 195 81 59 37 57 186 79 181 251 48 211 71 85 56 102 241 237 159 233 193 111 38 39 107 153 54 215 228 129 147 224 35 58 43 249 192 124 12 102 188 176 230 158 172 14 60 216 108 84 52 192 18 143 171 155 60 1 169 72 44 224 146 179 234 215 38 76 14 110 226 141 241 184 60 152 80 67 28 56 62 190 252 165 43 60 247 39 49 228 203 10 160 124 221 111 103 7 255 85 131 33 186 180 157 221 72 51 243 202 9 229 
234 9 178 84 231 5 115 106 11 186 126 223 186 252 127 62 108 0 185 251 138 204 190 229 231 32 155 30 64 36 195 242 140 41 246 215 127 133 42 200 206 43 213 128 116 216 146 193 46 130 189 212 117 19 21 23 156 193 190 216 240 244 0 43 39 64 212 190 239 105 167 84 221 231 18 103 132 70 153 248 128 55 12 155 28 12 219 239 6 243 212 167 182 223 102 29 143 43 174 23 219 9 89 218 29 242 68 85 159 176 210 54 97 69 193 175 22 212 65 142 220 130 201 200 88 251 112 186 247 228 148 209 184 103 45 51 215 127 213 251 205 21 163 229 141 87 85 114 177 84 12 14 132 59 44 220 53 50 81 114 103 79 179 201 235 148 134 100 53 51 37 178 118 78 7 149 211 35 184 46 22 77 12 117 96 112 205 197 52 93 67 223 81 44 112 90 167 219 215 65 186 6 246 140 95 87 208 235 35 210 3 112 133 198 107 46 17 101 160 12 107 215 90 15 171 23 80 159 41 140 91 214 230 94 81 52 158 77 178 104 92 178 60 72 54 77 115 126 37 42 65 88 6 14 99 242 
46 213 45 4 200 65 183 253 67 195 182 187 97 160 232 227 103 185 0 30 12 55 224 213 215 120 13 142 196 97 29 21 174 143 152 115 175 176 12 76 146 42 125 170 92 192 118 239 135 62 97 188 247 125 180 169 73 60 26 86 207 190 133 226 70 134 30 97 23 101 249 110 224 91 16 60 76 20 122 169 225 69 80 200 201 91 85 152 93 143 30 224 172 175 202 78 95 75 32 92 39 26 84 121 234 130 97 243 18 203 95 242 71 50 155 7 157 37 165 51 166 123 152 39 219 230 136 185 164 64 154 230 223 98 117 206 114 26 91 194 9 107 208 158 234 16 247 32 93 221 93 60 18 33 16 133 140 42 21 4 64 221 9 28 160 83 66 194 73 214 170 204 53 10 108 44 228 174 126 134 123 162 250 146 202 209 127 231 40 122 192 249 183 202 2 222 21 71 158 163 40 58 178 21 16 153 40 159 35 21 102 121 36 104 205 246 34 202 2 170 130 32 109 44 242 85 29 62 225 53 74 229 230 27 16 49 61 106 61 10 190 132 78 130 142 138 198 50 50 22 71 177 53 69 251 220 
54 237 102 123 91 19 206 141 140 172 53 204 149 193 36 202 141 251 30 0 12 153 205 188 155 31 178 223 125 131 27 83 171 95 44 101 80 119 184 15 190 184 108 25 114 23 58 22 166 105 251 83 82 246 147 209 141 21 48 176 117 126 225 80 158 90 74 23 197 40 23 145 102 171 136 235 4 52 123 28 49 95 63 58 255 76 17 70 195 72 63 187 29 67 44 14 31 95 100 188 34 31 7 168 61 61 252 140 9 34 9 186 255 51 172 122 47 116 129 215 219 185 26 66 36 78 255 224 85 228 247 175 197 65 37 221 111 79 81 32 149 100 188 99 6 144 241 6 142 140 14 165 39 250 84 159 5 211 30 74 76 224 108 203 158 232 6 111 138 0 116 128 189 96 243 115 175 16 121 53 61 117 138 244 142 134 222 149 211 33 16 189 159 8 244 233 229 124 203 161 122 196 34 13 57 163 12 204 172 5 66 12 113 43 4 181 193 38 248 69 218 96 36 179 142 196 109 162 192 18 224 30 14 195 135 99 35 193 22 28 105 61 243 10 75 79 201 97 45 247 155 61 150 60 247 194 
234 126 185 247 171 119 185 8 21 68 55 48 86 148 239 232 12 138 12 12 0 253 88 215 196 110 150 86 234 131 25 143 96 77 102 78 85 185 49 214 239 106 132 58 153 67 127 212 33 138 242 255 24 220 196 221 12 94 237 91 89 155 100 100 23 180 0 208 208 27 49 14 7 180 8 6 30 124 82 134 117 106 60 140 224 118 214 241 151 204 174 87 156 187 38 164 14 132 151 18 154 50 255 177 101 219 25 77 138 176 214 45 3 36 178 215 33 43 239 115 150 76 204 45 81 147 132 189 104 63 66 162 118 227 102 40 167 23 150 27 98 50 149 255 93 57 250 141 120 19 9 110 185 214 214 23 174 207 206 6 101 116 200 152 0 154 61 97 179 156 114 197 234 51 167 17 254 249 114 82 79 10 95 101 223 196 49 164 166 80 104 1 191 149 228 92 137 60 103 87 237 72 93 171 79 245 176 224 132 17 178 217 245 162 94 173 118 81 221 92 176 113 127 83 102 98 171 23 28 65 67 102 111 12 62 217 149 58 240 206 141 245 119 231 45 133 57 224 39 7 62 126 135 208 27 230 
88 151 67 60 219 136 185 180 106 111 117 124 224 116 144 210 106 204 55 153 253 0 25 113 155 126 38 113 22 242 190 136 237 10 221 142 242 20 171 161 112 230 163 183 192 218 52 178 101 101 137 35 252 199 88 77 203 67 96 214 227 223 120 105 176 135 110 202 66 160 250 58 121 117 208 72 230 198 25 65 102 10 21 151 213 39 59 170 198 226 79 75 62 91 131 245 4 111 18 102 194 101 205 248 176 117 204 234 119 198 230 38 44 40 124 56 89 29 156 58 130 21 2 57 145 115 54 95 34 219 56 26 20 163 0 0 244 28 140 247 143 162 218 174 87 131 2 221 154 137 41 152 7 159 117 2 87 7 3 66 206 97 111 58 144 146 95 126 74 136 14 87 60 9 184 211 158 208 100 36 66 179 197 197 48 204 36 136 207 123 23 227 239 128 162 107 90 11 177 175 166 80 240 215 217 232 87 1 48 181 116 243 31 24 216 201 26 51 72 109 153 204 129 167 96 101 166 21 5 156 218 50 151 155 246 98 157 81 249 94 165 123 58 1 127 232 235 230 178 60 66 112 218 108 75 65 
191 219 146 220 80 131 187 233 162 3 118 183 12 221 148 175 193 190 224 205 88 25 0 150 146 152 34 83 143 159 61 92 50 253 169 224 110 208 3 234 210 38 236 238 177 41 231 235 230 182 118 65 108 27 26 122 236 131 137 125 94 128 37 218 24 216 178 146 8 78 176 184 60 210 84 182 195 63 3 26 76 211 191 147 130 196 116 24 163 214 28 160 32 59 198 249 35 160 205 111 35 167 123 12 154 201 133 201 190 22 228 241 113 62 194 31 88 100 193 134 130 38 37 179 92 94 57 230 16 234 118 91 36 25 247 41 84 226 29 109 211 231 58 167 193 59 50 172 172 111 185 153 20 187 72 150 218 128 110 186 158 110 160 129 13 108 82 152 175 164 78 76 58 49 108 192 229 115 169 96 196 68 165 216 60 111 48 185 215 147 24 5 43 155 227 155 72 45 238 180 179 60 24 79 82 10 235 251 66 240 134 18 177 181 100 59 155 86 131 210 54 213 120 191 75 151 30 247 130 44 245 57 62 120 20 210 246 79 139 229 209 197 100 155 232 20 168 43 102 178 160 44 28 216 120 31 
177 68 227 100 64 198 206 108 3 205 41 106 171 33 52 12 238 229 213 188 215 113 150 0 231 45 244 177 27 180 95 81 181 86 72 175 132 44 138 146 160 226 202 152 161 55 242 67 20 185 169 10 124 50 168 212 88 37 193 152 161 253 251 181 212 158 131 151 22 134 157 250 169 145 122 28 147 253 186 98 114 164 81 162 26 64 144 37 7 144 106 87 228 98 231 65 34 8 192 74 97 192 166 122 90 40 237 227 121 203 97 115 146 140 245 36 118 136 217 118 12 117 162 70 16 203 10 155 131 108 21 27 216 93 119 255 106 98 117 109 237 145 75 135 37 147 127 97 51 64 214 178 77 121 14 122 100 223 254 91 108 139 170 78 109 0 55 75 101 230 142 150 17 186 193 172 170 221 147 131 98 101 222 26 160 235 218 129 240 103 250 51 58 211 55 200 147 69 216 240 130 126 208 35 137 173 0 11 7 210 127 84 76 247 0 248 111 190 48 89 237 119 52 162 42 192 144 151 228 254 43 93 51 119 16 188 71 59 9 206 0 48 124 164 35 214 154 183 85 242 32 28 30 208 56 171 
72 131 177 90 74 170 144 165 134 209 95 103 229 127 134 161 7 231 215 155 196 155 146 231 0 106 64 179 208 254 72 16 158 247 177 39 233 169 148 167 68 15 106 180 58 36 174 57 226 76 235 103 220 196 3 189 14 218 172 228 57 20 253 51 61 246 217 228 116 101 51 45 211 26 209 141 230 181 145 97 136 201 48 171 58 168 200 111 138 224 194 84 85 170 7 240 197 204 83 166 205 202 76 110 42 147 15 201 28 226 161 163 129 104 29 147 48 176 27 50 158 225 60 201 61 6 7 202 107 42 81 31 220 206 50 112 53 107 105 223 168 222 90 146 27 142 1 83 139 138 151 100 89 226 101 214 204 206 231 246 98 166 147 191 200 113 61 84 93 117 80 43 253 232 0 16 174 153 32 26 165 224 129 146 165 193 70 26 169 91 188 137 75 88 89 72 58 235 174 249 136 160 199 95 146 36 163 114 145 0 50 238 198 168 34 36 156 146 216 6 156 64 140 183 79 180 255 17 139 51 12 220 94 148 6 192 212 231 60 255 246 5 192 108 199 253 206 140 94 159 201 176 193 115 111 174 
115 72 223 167 21 181 66 201 220 174 206 15 179 39 76 13 184 32 120 31 110 126 152 45 106 0 94 32 199 104 108 79 130 169 89 50 249 169 50 247 118 73 41 91 249 244 99 9 50 97 246 136 75 46 7 190 141 140 19 214 80 163 137 253 185 8 16 118 5 220 184 48 132 219 187 85 105 192 188 135 94 0 182 1 111 242 140 203 119 233 186 124 56 90 145 38 171 42 81 50 155 26 199 44 155 193 6 18 44 94 153 77 5 25 162 180 146 191 72 110 101 128 255 2 111 73 69 165 253 133 120 57 20 128 87 71 142 113 162 43 252 23 216 111 129 195 93 198 80 149 148 160 196 106 192 69 181 92 241 222 71 76 146 88 101 50 89 170 250 127 55 101 190 195 150 109 22 123 27 120 136 54 250 161 174 122 133 234 195 94 220 171 231 36 188 193 20 204 167 180 157 180 56 219 235 122 132 244 230 166 23 107 239 168 236 213 182 43 23 0 162 223 46 16 204 143 85 79 1 32 12 96 65 254 255 55 118 189 253 178 49 9 17 9 172 71 186 209 148 171 202 226 181 175 205 75 
69 110 241 128 153 212 102 190 253 237 199 45 58 213 87 104 240 155 13 178 150 38 34 244 64 94 0 186 143 99 39 122 185 222 22 197 178 213 94 145 124 76 184 71 183 75 133 128 220 115 18 49 126 221 219 228 152 170 173 143 1 206 70 26 167 177 113 202 176 88 37 233 137 162 240 188 253 147 12 4 66 9 235 137 57 134 8 127 172 9 198 6 57 210 100 251 21 159 117 113 214 202 135 202 249 70 31 89 198 205 131 102 12 86 36 243 217 35 253 73 206 56 101 119 75 68 191 172 44 156 175 193 87 193 217 178 227 127 255 69 240 131 119 64 190 113 201 61 45 17 170 48 216 61 230 13 151 13 67 127 181 112 213 37 97 195 128 208 22 166 228 246 42 247 166 245 5 214 166 43 225 163 3 53 238 0 83 3 8 118 153 153 19 180 69 135 162 64 167 238 42 248 119 80 187 65 170 26 129 232 250 208 155 195 232 250 123 91 210 89 144 181 141 84 243 113 7 137 38 114 122 80 131 154 251 142 200 238 71 116 143 70 219 72 183 182 205 136 87 176 232 130 90 59 98 116 
138 156 120 215 106 106 95 157 71 217 74 63 174 21 128 70 134 30 142 223 86 113 83 177 179 32 186 0 88 202 175 91 9 169 92 242 190 80 171 98 154 159 213 247 167 114 196 73 21 134 161 182 146 103 15 155 53 75 121 156 98 71 190 171 136 115 165 197 251 105 164 210 80 56 80 94 181 83 218 23 135 142 128 200 109 231 20 145 189 90 229 155 100 41 234 57 233 44 88 71 162 102 224 83 149 11 140 199 10 6 97 77 82 175 150 178 252 131 209 205 179 169 88 255 199 88 221 130 183 117 102 21 1 203 199 161 201 138 253 227 74 136 229 16 77 170 209 141 233 220 176 217 28 177 246 126 42 106 228 7 226 18 229 225 93 178 202 213 35 1 175 43 236 177 136 16 26 24 205 185 238 56 130 135 136 199 133 159 85 55 12 183 42 163 208 97 230 133 146 54 80 212 214 169 186 11 20 242 235 144 133 39 104 78 41 14 36 145 130 59 119 137 51 243 112 206 201 154 23 125 69 71 8 188 131 206 224 246 43 142 118 111 62 88 162 4 142 166 246 182 146 70 33 93 138 171 
144 55 52 119 108 54 22 116 127 175 181 151 231 188 168 153 53 64 196 125 234 22 143 27 208 199 143 88 0 90 70 85 40 1 68 80 149 30 148 244 207 6 167 54 147 108 195 60 133 61 170 107 40 218 92 220 103 150 56 4 30 203 60 34 234 251 94 80 190 132 33 16 17 237 119 123 255 26 217 179 112 72 34 105 31 185 227 185 217 220 23 63 183 194 178 195 156 59 185 129 57 206 101 121 41 24 12 237 249 151 249 119 103 126 126 8 228 111 104 78 33 29 111 79 126 2 48 120 225 217 248 71 86 173 243 196 225 254 211 39 139 18 189 242 246 50 152 224 37 250 146 133 8 202 191 14 182 28 105 113 56 193 244 59 0 222 203 82 202 67 82 25 174 183 149 218 190 90 28 168 127 83 27 227 103 11 67 71 4 83 55 20 96 3 239 92 187 26 61 74 226 130 204 229 65 172 230 36 1 77 130 157 129 134 163 198 64 251 43 103 200 214 134 193 162 19 254 189 89 118 71 51 189 16 189 115 83 170 92 185 89 163 138 173 182 136 74 122 163 34 247 15 2 207 161 153 
220 72 83 216 36 3 249 209 26 44 92 140 105 15 32 216 156 36 97 131 131 242 159 180 254 104 99 202 90 0 146 112 40 84 249 196 6 175 200 91 170 46 77 168 211 117 21 198 156 247 47 61 138 188 222 197 95 28 90 214 97 203 185 55 183 78 178 106 161 215 11 67 194 117 121 43 110 216 208 162 173 32 0 60 219 17 127 121 82 168 205 49 200 215 167 25 68 126 138 45 62 187 0 3 221 65 105 161 81 3 168 5 13 246 66 203 149 134 157 123 135 110 103 116 120 91 249 66 239 86 34 128 123 125 249 37 71 119 181 96 124 116 170 38 178 222 13 150 162 82 244 90 45 42 168 249 151 225 201 159 88 241 161 192 237 148 140 245 227 106 152 186 82 254 235 214 115 161 246 155 103 208 72 98 35 100 0 179 149 36 12 22 193 182 92 244 33 168 142 12 39 21 242 167 63 138 201 214 188 253 130 208 129 102 156 86 77 48 229 207 83 101 91 36 237 2 185 122 164 153 35 85 103 127 23 141 5 16 219 220 48 139 25 9 186 193 174 239 125 91 16 193 54 54 170 96 
1 209 31 228 89 164 189 13 225 121 81 109 86 240 238 176 96 195 29 27 25 190 61 95 72 108 39 175 70 146 0 49 104 213 58 147 27 79 37 247 209 12 158 47 91 17 189 205 122 249 136 201 255 70 163 112 140 75 24 158 69 109 112 56 2 95 201 41 128 154 217 167 163 148 83 43 4 127 65 243 149 160 217 90 44 208 59 94 216 100 180 55 181 171 219 2 81 56 7 218 24 67 121 10 242 161 117 127 54 82 31 242 33 59 85 212 170 195 173 165 61 188 213 194 102 121 81 148 52 70 183 106 183 124 238 26 76 161 82 177 172 121 165 130 1 136 235 106 248 83 190 0 156 237 129 178 208 104 207 216 100 15 144 148 223 52 54 175 171 39 118 75 120 114 135 176 185 191 155 235 88 248 243 221 154 24 194 56 205 91 58 65 14 140 72 171 1 240 38 75 129 111 139 133 5 206 83 200 183 241 45 223 213 52 68 63 245 69 62 47 246 78 210 143 245 179 18 198 107 48 57 186 120 67 209 24 218 214 23 172 111 103 160 97 49 51 30 189 203 103 173 110 241 136 34 94 
131 229 31 192 255 169 150 83 28 133 199 232 60 78 80 147 228 242 21 83 143 136 92 81 16 79 122 91 85 112 49 0 171 77 32 242 81 221 220 6 93 188 165 176 162 237 170 33 208 125 210 66 40 180 41 15 80 121 155 3 77 185 198 214 87 118 148 230 115 75 213 69 197 93 173 136 242 11 26 152 125 125 225 242 161 185 90 181 120 58 21 206 84 138 168 34 140 110 108 188 238 68 29 181 214 13 23 169 78 250 209 226 98 239 198 171 54 142 207 48 13 8 159 0 103 17 30 12 182 20 236 49 164 159 219 178 207 115 112 79 248 174 210 95 21 241 165 101 165 150 237 81 188 82 10 6 87 187 113 91 144 172 253 232 205 231 210 3 183 34 152 241 243 87 170 36 136 3 94 7 152 103 85 29 142 45 164 82 60 29 87 91 49 92 4 53 35 142 229 241 195 51 76 110 209 152 136 143 143 213 207 104 90 178 16 201 86 131 64 143 83 56 198 37 42 231 181 232 50 41 36 195 232 171 201 229 193 109 253 213 176 144 82 143 227 125 147 68 141 96 148 178 90 162 192 18 
76 1 102 217 141 85 251 164 83 163 187 89 90 136 241 33 109 140 174 171 96 237 50 181 158 130 185 9 40 40 104 171 0 51 35 93 163 73 65 217 1 36 77 11 168 85 68 225 5 207 28 247 180 204 32 5 220 31 221 116 118 237 34 121 234 228 175 38 47 139 44 41 19 241 61 33 219 150 182 234 252 32 227 239 143 157 156 79 118 172 33 100 193 97 55 117 66 14 105 212 93 162 112 182 180 110 9 29 57 208 124 103 215 242 148 187 102 4 176 117 220 182 14 5 96 170 15 2 152 18 21 122 226 146 56 204 185 184 136 27 118 161 4 158 74 197 93 139 98 101 75 184 157 70 249 212 185 182 99 163 151 216 208 168 198 44 89 154 177 243 28 227 208 204 62 95 128 53 40 86 164 83 190 2 5 121 11 207 211 206 202 224 32 207 180 147 198 167 88 241 208 134 203 162 61 73 13 58 224 56 80 54 173 100 65 27 171 133 190 100 80 122 243 2 119 128 66 185 80 212 11 11 188 3 189 59 195 24 234 216 78 36 89 111 120 231 71 35 15 177 240 72 190 102 75 56 
106 197 172 157 24 75 26 202 120 52 30 103 143 10 47 6 161 41 143 95 77 10 253 86 247 169 222 169 1 84 213 77 51 0 50 53 0 115 112 116 61 224 163 72 140 185 115 86 51 11 96 15 29 183 232 254 22 221 211 179 28 153 222 194 149 159 88 44 224 17 78 53 226 126 50 74 253 77 136 14 167 249 8 254 253 52 242 148 56 59 2 11 41 224 63 170 236 186 52 221 213 222 177 197 92 239 212 19 139 112 46 83 141 249 51 98 142 183 19 186 47 181 247 200 90 112 201 10 177 210 96 211 50 168 0 149 72 34 209 116 87 151 107 21 13 147 221 103 61 169 133 225 254 239 73 67 216 149 169 138 232 187 129 146 63 62 77 171 86 102 190 229 245 6 175 56 49 50 24 151 120 57 189 117 248 32 94 68 92 35 38 238 129 133 62 20 144 102 228 38 184 229 189 18 139 55 135 109 19 242 141 75 209 62 170 92 93 196 4 29 117 217 209 137 15 152 227 80 143 203 225 214 146 172 27 166 222 93 248 78 188 35 236 109 151 80 62 208 76 28 167 57 235 32 166 31 
9 25 29 111 247 131 71 11 91 13 109 213 20 167 213 29 58 246 152 44 102 221 169 72 177 89 22 92 68 249 58 32 35 50 0 107 179 68 86 210 104 70 129 1 190 189 183 174 125 253 51 48 236 214 13 125 164 185 36 120 242 156 146 187 165 140 213 196 89 77 125 161 234 25 57 36 171 227 110 246 164 166 85 30 159 185 68 168 18 57 220 47 35 253 164 57 70 185 154 156 37 199 30 62 134 11 102 193 53 195 93 133 178 104 165 203 47 33 237 208 225 16 184 43 125 154 69 198 222 127 151 50 139 217 99 108 212 27 226 233 123 115 3 120 65 4 237 159 85 255 170 202 201 92 11 183 92 134 250 167 99 249 28 221 120 181 168 177 20 199 188 47 45 174 7 18 37 155 173 227 216 103 185 32 165 107 6 151 146 178 52 124 233 35 142 202 103 1 234 210 123 58 28 237 74 237 158 104 0 101 58 44 130 63 35 25 108 91 89 69 26 29 1 203 238 206 219 178 87 114 199 19 234 7 202 19 232 78 165 116 120 143 162 244 60 99 176 198 218 136 184 246 23 31 173 51 
73 65 169 18 9 100 176 62 164 196 148 209 213 71 167 79 17 215 115 101 78 142 224 175 39 50 197 242 80 196 147 242 93 53 107 0 142 8 230 247 45 28 147 170 173 226 206 8 130 222 236 1 125 187 202 222 217 198 53 139 82 53 194 240 146 64 216 178 5 86 125 174 255 245 249 252 166 227 187 16 82 166 51 243 47 164 83 39 253 250 175 159 126 5 198 169 139 47 123 147 17 100 74 26 199 21 177 11 120 201 21 197 52 31 82 110 212 109 188 198 188 186 176 18 35 175 235 56 208 69 85 106 168 142 74 15 0 33 197 169 46 202 89 30 139 110 28 89 118 16 73 182 87 228 158 198 179 126 61 142 26 29 93 189 141 214 62 197 169 110 230 224 207 94 39 125 190 251 107 190 137 113 38 241 167 101 61 241 17 20 16 252 246 204 142 193 54 184 165 152 57 97 85 36 122 149 11 79 172 219 223 135 53 156 80 149 178 158 21 145 23 239 84 141 246 31 182 179 147 107 178 49 241 116 218 176 110 118 109 186 182 145 208 26 181 161 188 184 228 189 33 97 74 55 54 163 
5 206 58 18 172 172 13 227 244 202 211 17 220 175 22 217 238 127 175 80 85 242 110 132 233 249 178 190 149 6 27 81 163 0 179 142 0 173 119 175 83 41 0 195 165 31 131 78 179 149 214 23 209 207 158 238 77 83 153 62 98 116 142 76 208 84 79 184 107 240 186 130 248 7 234 221 247 198 189 54 172 254 65 231 221 16 115 22 59 118 81 182 67 118 54 77 106 171 173 149 147 227 214 13 198 20 104 161 141 52 213 236 136 222 98 26 44 91 40 211 121 77 22 246 133 13 115 64 75 248 116 25 219 79 88 132 120 56 89 77 14 250 228 224 255 122 114 194 247 134 146 19 29 150 41 244 88 79 196 166 1 182 83 74 226 192 159 118 84 218 237 55 51 209 126 95 169 148 41 205 198 138 45 142 49 249 89 177 161 75 14 33 124 135 46 251 209 235 26 185 175 62 196 69 254 233 130 117 86 210 181 62 242 66 89 92 245 124 61 105 95 188 48 145 103 198 6 65 69 224 34 199 147 50 236 242 228 31 26 93 32 148 60 253 163 48 107 60 135 150 151 131 54 231 15 250 
215 229 161 245 55 248 12 185 247 57 55 217 76 214 99 230 112 133 176 119 185 20 208 44 169 169 213 80 30 175 79 221 73 115 68 8 173 0 143 207 169 193 15 130 233 15 9 155 69 74 95 155 110 0 181 208 89 201 237 198 22 13 102 84 95 189 174 24 155 187 193 131 168 104 64 201 248 184 115 91 205 106 112 91 149 5 104 93 36 207 103 196 167 248 79 26 233 33 147 88 62 155 160 127 13 253 252 80 203 81 141 15 75 1 141 34 49 248 122 61 64 93 224 17 152 201 250 126 189 51 18 187 78 35 254 150 94 25 159 166 250 246 137 32 231 85 127 85 72 246 29 90 108 58 150 170 245 251 51 186 133 232 247 228 231 199 51 249 90 254 175 236 121 95 193 186 32 66 165 60 201 121 182 68 20 29 126 14 25 248 209 57 178 212 154 42 196 103 236 159 11 205 27 60 114 109 146 14 171 194 48 49 81 168 227 96 115 198 23 187 59 0 8 187 52 36 255 236 135 154 249 101 138 160 69 90 45 154 203 119 179 111 190 51 157 191 176 23 173 55 81 51 89 79 155 146 
119 94 160 23 209 246 132 54 161 142 72 31 46 246 200 63 35 42 12 184 49 171 3 138 148 50 94 171 148 200 37 220 65 112 86 230 119 143 0 227 208 155 135 247 77 154 101 22 5 88 40 145 226 58 243 6 139 239 102 50 6 152 118 122 142 244 9 240 231 101 123 9 149 77 127 181 52 198 9 237 87 112 106 185 155 219 120 156 8 95 251 189 220 184 210 200 0 33 115 10 146 202 139 145 40 255 68 231 139 243 80 101 123 12 79 31 192 30 156 14 14 142 255 168 76 194 216 243 120 90 238 37 149 119 189 91 53 117 44 79 166 211 217 206 126 74 72 216 38 206 33 103 133 60 150 94 185 51 162 243 81 149 96 107 146 12 141 53 145 203 15 104 213 156 25 155 145 119 158 111 44 20 206 229 32 162 28 204 28 57 59 20 184 223 78 195 25 23 56 250 62 32 14 228 25 58 80 76 233 100 92 196 86 21 40 22 105 45 178 144 77 230 37 187 40 14 147 50 113 249 14 84 157 233 5 47 37 18 190 156 254 17 252 148 88 176 131 226 73 22 176 102 223 20 81 160 
249 198 45 198 102 250 223 69 243 112 120 143 53 173 21 228 36 200 76 15 214 161 234 146 167 247 145 98 244 91 247 6 217 116 210 247 175 207 227 0 142 253 36 20 10 29 96 165 115 122 33 94 57 177 129 125 173 25 94 6 23 216 236 239 155 107 136 63 19 137 20 29 133 210 89 171 39 16 133 150 32 49 35 25 69 6 186 73 187 123 137 213 20 9 104 249 53 9 133 147 86 219 144 249 63 216 71 128 49 249 119 197 164 218 204 243 226 139 105 204 52 31 177 140 210 92 21 126 250 1 0 106 206 141 33 56 134 99 151 28 66 231 142 31 215 180 242 187 155 251 119 127 52 179 14 90 160 187 152 95 107 230 118 149 126 238 50 115 93 62 115 148 96 133 210 95 114 173 186 71 7 243 138 153 136 85 246 249 99 170 111 220 52 143 13 161 122 47 31 54 202 41 243 107 231 163 94 40 76 67 126 40 50 35 1 87 181 131 190 40 193 51 150 119 69 190 249 247 164 56 125 222 58 230 149 70 160 29 108 82 91 154 224 224 220 106 185 23 225 219 234 61 75 112 7 60 
40 78 27 16 9 184 15 165 57 65 97 150 156 113 109 38 133 206 146 190 239 112 210 160 68 118 124 154 207 170 209 93 1 61 104 45 83 169 208 142 0 221 60 82 190 138 192 103 128 10 77 63 253 22 169 105 209 255 56 127 2 3 124 253 167 24 49 38 77 15 46 144 242 38 222 211 227 193 24 67 86 175 244 75 118 139 241 175 200 252 242 215 205 66 130 54 109 119 94 125 101 32 46 134 171 196 244 253 227 99 57 121 43 254 222 28 221 45 154 80 61 203 130 206 191 130 47 217 191 180 116 108 89 138 131 210 61 240 173 37 193 19 144 172 85 23 185 181 176 242 157 128 241 152 83 101 146 116 224 255 19 139 170 40 173 64 145 207 29 139 223 236 180 22 3 227 169 115 47 231 28 169 131 18 230 141 237 21 58 103 42 71 103 137 163 195 11 109 35 139 36 184 194 160 14 252 179 52 0 140 182 121 52 189 253 143 249 221 151 82 82 233 116 99 115 184 123 135 214 198 33 217 177 121 24 8 208 89 4 99 183 175 125 226 120 38 85 111 55 10 168 188 124 184 255 234 
16 249 130 80 191 174 58 100 187 36 34 249 116 173 230 72 195 43 42 184 106 230 38 226 15 73 76 159 6 46 12 188 36 224 70 28 41 193 155 253 221 0 34 177 38 38 75 62 99 194 186 194 62 17 123 20 81 246 184 102 218 10 53 16 66 221 63 239 249 116 60 135 250 216 201 132 146 47 186 184 33 204 56 152 173 236 143 193 240 78 139 13 204 149 59 168 151 158 97 18 19 28 197 19 3 79 171 14 39 77 87 33 127 153 129 174 102 22 70 140 227 42 231 253 6 52 95 170 73 142 205 169 127 3 55 8 181 14 62 40 1 203 27 125 184 97 255 2 208 192 254 62 212 49 73 222 10 127 97 20 95 51 116 237 200 240 218 57 168 32 181 55 134 233 60 106 97 195 210 249 123 40 217 195 189 236 17 159 205 224 152 140 47 240 13 38 166 39 201 166 112 69 78 162 192 112 186 140 82 118 212 128 87 89 22 212 226 185 168 131 111 249 252 251 134 76 182 252 223 3 145 216 28 151 233 165 7 25 132 114 162 69 131 171 213 212 157 33 117 64 35 216 118 33 3 214 
26 183 117 35 55 185 128 78 119 119 95 70 50 174 5 169 99 213 125 108 132 163 236 202 106 41 184 213 167 77 158 165 77 163 129 147 0 15 135 36 60 34 0 36 206 197 134 72 203 72 7 179 225 96 5 123 54 170 98 73 243 79 89 114 159 60 151 130 212 237 206 32 96 212 151 27 255 56 159 126 33 153 150 39 53 39 38 196 37 45 164 214 110 206 82 56 65 32 50 149 88 0 234 59 120 72 236 133 246 74 245 197 169 66 97 76 58 171 2 167 17 224 176 201 225 86 109 163 38 251 226 156 23 17 160 15 123 77 14 28 7 176 95 156 72 137 88 71 179 3 133 224 116 220 213 10 24 120 52 118 234 103 0 135 22 84 138 207 95 17 215 46 8 247 241 114 157 38 237 0 184 83 189 209 233 11 207 245 199 231 137 252 18 251 212 38 96 54 197 29 40 138 246 105 173 142 82 17 22 38 209 12 55 135 126 118 197 76 209 142 33 59 202 60 166 144 173 192 206 163 230 26 16 208 233 15 129 234 209 56 53 54 138 147 31 198 213 46 245 163 118 75 74 33 253 146 
